eddy-track/src/assets/css/data.json
{"header": {"parameterUnit": "m.s-1", "parameterNumber": 3, "dx": 0.08333333333333333, "dy": 0.0708105404048421, "parameterNumberName": "Northward current", "la1": 41.03938293457031, "la2": 21.0, "parameterCategory": 2, "lo2": 136.0, "nx": 241, "ny": 284, "refTime": "2017-02-01 23:00:00", "lo1": 116.0}, "data":
[rows 66 to 87 of 284, columns 98 to 146 of 241]
-0.19574296474456787,-0.20480221509933472,-0.20506763458251953,-0.21409016847610474,-0.20773039758205414,-0.2189415544271469,-0.2247399091720581,-0.23971062898635864,-0.24461586773395538,-0.2571032643318176,-0.25356417894363403,-0.22926855087280273,-0.2124629020690918,-0.22463077306747437,-0.24842767417430878,-0.2862858176231384,-0.3248012363910675,-0.33014461398124695,-0.3085193932056427,-0.2741093933582306,-0.2608410716056824,-0.2753227949142456,-0.3344327509403229,-0.34940552711486816,0.0,0.0,0.0,0.0,0.0,0.0,0.0,0.0,0.0,0.0,0.0,0.0,0.0,0.0,0.0,0.0,0.0,0.0,0.0,0.0,0.0,0.0,0.0,0.0,0.0
-0.1929813176393509,-0.2022550255060196,-0.20406273007392883,-0.21292926371097565,-0.20913724601268768,-0.2204999178647995,-0.22473278641700745,-0.2380613088607788,-0.2317318171262741,-0.23166440427303314,-0.22143886983394623,-0.21468447148799896,-0.21883471310138702,-0.23422041535377502,-0.250409334897995,-0.2705322504043579,-0.2878971993923187,-0.2897937595844269,-0.27795857191085815,-0.2542036771774292,-0.2536309063434601,-0.28383854031562805,-0.3568733334541321,-0.42412203550338745,0.0,0.0,0.0,0.0,0.0,0.0,0.0,0.0,0.0,0.0,0.0,0.0,0.0,0.0,0.0,0.0,0.0,0.0,0.0,0.0,0.0,0.0,0.0,0.0,0.0
-0.19376355409622192,-0.2023714929819107,-0.20431369543075562,-0.21368779242038727,-0.21140852570533752,-0.22271232306957245,-0.22456124424934387,-0.23828822374343872,-0.23116859793663025,-0.22938452661037445,-0.22003808617591858,-0.21968232095241547,-0.22861039638519287,-0.24197930097579956,-0.25293928384780884,-0.26273322105407715,-0.26792392134666443,-0.26563650369644165,-0.25880128145217896,-0.23640494048595428,-0.2446037083864212,-0.278815895318985,-0.35067394375801086,-0.46486911177635193,0.0,0.0,0.0,0.0,0.0,0.0,0.0,0.0,0.0,0.0,0.0,0.0,0.0,0.0,0.0,0.0,0.0,0.0,0.0,0.0,0.0,0.0,0.0,0.0,0.0
-0.19785378873348236,-0.20281894505023956,-0.20432645082473755,-0.21553415060043335,-0.21253664791584015,-0.2248259335756302,-0.2241744101047516,-0.23861704766750336,-0.2336164265871048,-0.2342940866947174,-0.22830639779567719,-0.22843500971794128,-0.2359711229801178,-0.24732421338558197,-0.25318875908851624,-0.2568436861038208,-0.2581920325756073,-0.25394880771636963,-0.24657738208770752,-0.22256825864315033,-0.23753318190574646,-0.2668705880641937,-0.3268871307373047,-0.42650285363197327,-0.3167138397693634,-0.32484301924705505,0.0,0.0,0.0,0.0,0.0,0.0,0.0,0.0,0.0,0.0,0.0,0.0,0.0,0.0,0.0,0.0,0.0,0.0,0.0,0.0,0.0,0.0,0.0
-0.20516985654830933,-0.2038240283727646,-0.2073281705379486,-0.21954059600830078,-0.21344462037086487,-0.2259145975112915,-0.22275416553020477,-0.23477506637573242,-0.23396620154380798,-0.23655694723129272,-0.23488958179950714,-0.23716777563095093,-0.24333281815052032,-0.2523244619369507,-0.25193896889686584,-0.2513045370578766,-0.2520917057991028,-0.24736683070659637,-0.23913724720478058,-0.2074286937713623,-0.22780121862888336,-0.2583456039428711,-0.2942504584789276,-0.38456401228904724,-0.379002183675766,-0.36876702308654785,-0.311100035905838,0.0,0.0,0.0,0.0,0.0,0.0,0.0,0.0,0.0,0.0,0.0,0.0,0.0,0.0,0.0,0.0,0.0,0.0,0.0,0.0,0.0,0.0
-0.21372056007385254,-0.2094857543706894,-0.21651357412338257,-0.22700577974319458,-0.21789611876010895,-0.22651207447052002,-0.22190533578395844,-0.2283238172531128,-0.231138676404953,-0.23577286303043365,-0.2385602593421936,-0.24464507400989532,-0.2514897882938385,-0.25630804896354675,-0.24860595166683197,-0.24526269733905792,-0.24798618257045746,-0.24696744978427887,-0.2313677817583084,-0.18785738945007324,-0.2074883133172989,-0.25328245759010315,-0.2808777689933777,-0.360932856798172,-0.408546507358551,-0.40151649713516235,-0.4130602478981018,0.0,0.0,0.0,0.0,0.0,0.0,0.0,0.0,0.0,0.0,0.0,0.0,0.0,0.0,0.0,0.0,0.0,0.0,0.0,0.0,0.0,0.0
-0.22546865046024323,-0.22342067956924438,-0.23092588782310486,-0.2380097508430481,-0.22871726751327515,-0.2308139204978943,-0.22485573589801788,-0.22639818489551544,-0.2290574461221695,-0.23686261475086212,-0.2420150488615036,-0.25129199028015137,-0.2579108774662018,-0.2573429048061371,-0.24347040057182312,-0.2401328980922699,-0.2454189509153366,-0.2481030374765396,-0.2138766050338745,-0.16915862262248993,-0.18866339325904846,-0.25138136744499207,-0.2868732810020447,-0.3526014983654022,-0.40802791714668274,-0.3973608911037445,-0.4080538749694824,0.0,0.0,0.0,0.0,0.0,0.0,0.0,0.0,0.0,0.0,0.0,0.0,0.0,0.0,0.0,0.0,0.0,0.0,0.0,0.0,0.0,0.0
-0.24201956391334534,-0.24437113106250763,-0.25026780366897583,-0.2536700963973999,-0.24789901077747345,-0.24272213876247406,-0.2320491373538971,-0.22949305176734924,-0.23345071077346802,-0.2420218139886856,-0.24623200297355652,-0.2560339868068695,-0.2591553032398224,-0.2540823817253113,-0.23741976916790009,-0.236168771982193,-0.2421073019504547,-0.23710095882415771,-0.18983201682567596,-0.16007713973522186,-0.1879887580871582,-0.2554002106189728,-0.2949870228767395,-0.3475795388221741,-0.38786837458610535,-0.3829856216907501,-0.3375634253025055,-0.22012121975421906,-0.21104562282562256,0.0,0.0,0.0,0.0,0.0,0.0,0.0,0.0,0.0,0.0,0.0,0.0,0.0,0.0,0.0,0.0,0.0,0.0,0.0,0.0
-0.25542446970939636,-0.26222407817840576,-0.2709752023220062,-0.2773187458515167,-0.2763838768005371,-0.2633594274520874,-0.24526889622211456,-0.23797596991062164,-0.2426612675189972,-0.24940812587738037,-0.2506446838378906,-0.25577762722969055,-0.25403881072998047,-0.24674691259860992,-0.23052355647087097,-0.23070171475410461,-0.2349049150943756,-0.21705126762390137,-0.17653684318065643,-0.167765274643898,-0.20016980171203613,-0.26074984669685364,-0.29693523049354553,-0.34284406900405884,-0.37171226739883423,-0.3788096010684967,-0.3082365393638611,-0.27552530169487,-0.2604048550128937,0.0,0.0,0.0,0.0,0.0,0.0,0.0,0.0,0.0,0.0,0.0,0.0,0.0,0.0,0.0,0.0,0.0,0.0,0.0,0.0
-0.26697593927383423,-0.2757803201675415,-0.2877398729324341,-0.30151641368865967,-0.308219313621521,-0.2894827723503113,-0.26476120948791504,-0.25173425674438477,-0.2536731958389282,-0.2567143440246582,-0.25370991230010986,-0.25202837586402893,-0.24509939551353455,-0.23714327812194824,-0.22339574992656708,-0.2237471491098404,-0.22498370707035065,-0.2055114507675171,-0.18333084881305695,-0.18862344324588776,-0.21426372230052948,-0.26196515560150146,-0.2907370328903198,-0.33565521240234375,-0.3656774163246155,-0.3769880533218384,-0.30431777238845825,-0.3037545680999756,-0.3048902750015259,0.0,0.0,0.0,0.0,0.0,0.0,0.0,0.0,0.0,0.0,0.0,0.0,0.0,0.0,0.0,0.0,0.0,0.0,0.0,0.0
-0.2786719799041748,-0.28702279925346375,-0.29976436495780945,-0.31923815608024597,-0.3312930762767792,-0.3150123357772827,-0.28649747371673584,-0.2676292657852173,-0.26478490233421326,-0.2624516785144806,-0.2560423016548157,-0.24750034511089325,-0.23695553839206696,-0.22841353714466095,-0.21839945018291473,-0.21823136508464813,-0.21764212846755981,-0.20795747637748718,-0.20196481049060822,-0.2119876742362976,-0.22526225447654724,-0.2595973610877991,-0.282743364572525,-0.3216446042060852,-0.36043253540992737,-0.37060895562171936,-0.3183947205543518,-0.31595611572265625,-0.33366379141807556,0.0,0.0,0.0,0.0,0.0,0.0,0.0,0.0,0.0,0.0,0.0,0.0,0.0,0.0,0.0,0.0,0.0,0.0,0.0,0.0
-0.28647151589393616,-0.29356205463409424,-0.30469635128974915,-0.32755225896835327,-0.33961620926856995,-0.3340570330619812,-0.3055364489555359,-0.28137484192848206,-0.2737261652946472,-0.26799458265304565,-0.258992999792099,-0.24559412896633148,-0.23266538977622986,-0.22260068356990814,-0.21753369271755219,-0.21749171614646912,-0.2176559418439865,-0.2178451269865036,-0.22121171653270721,-0.23124930262565613,-0.23228929936885834,-0.2554773688316345,-0.2794097363948822,-0.3082982301712036,-0.34659892320632935,-0.3443775773048401,-0.3275473415851593,-0.3091809153556824,-0.34544000029563904,0.0,0.0,0.0,0.0,0.0,0.0,0.0,0.0,0.0,0.0,0.0,0.0,0.0,0.0,0.0,0.0,0.0,0.0,0.0,0.0
-0.2918638288974762,-0.29676365852355957,-0.30224180221557617,-0.32195019721984863,-0.3356746435165405,-0.33943280577659607,-0.3165128529071808,-0.28930097818374634,-0.27920347452163696,-0.2734222114086151,-0.26405030488967896,-0.24804386496543884,-0.23369050025939941,-0.2218293845653534,-0.22077737748622894,-0.22318345308303833,-0.22672009468078613,-0.23081307113170624,-0.23645292222499847,-0.2433878779411316,-0.23568764328956604,-0.2502650022506714,-0.2790600657463074,-0.30418941378593445,-0.3290834128856659,-0.3116896450519562,-0.31772899627685547,-0.2956874668598175,-0.3140350580215454,0.0,0.0,0.0,0.0,0.0,0.0,0.0,0.0,0.0,0.0,0.0,0.0,0.0,0.0,0.0,0.0,0.0,0.0,0.0,0.0
-0.2969992458820343,-0.29679983854293823,-0.29530835151672363,-0.3055207431316376,-0.3230132460594177,-0.3298017084598541,-0.31706535816192627,-0.29277944564819336,-0.2810268998146057,-0.277325838804245,-0.27048036456108093,-0.25426504015922546,-0.23960454761981964,-0.2262738049030304,-0.22739951312541962,-0.23371921479701996,-0.24235151708126068,-0.24474316835403442,-0.24706026911735535,-0.24833759665489197,-0.23716092109680176,-0.24469728767871857,-0.2781500816345215,-0.3061980605125427,-0.32084494829177856,-0.3019152879714966,-0.3184576630592346,-0.297696053981781,-0.2530362010002136,-0.16345570981502533,0.0,0.0,0.0,0.0,0.0,0.0,0.0,0.0,0.0,0.0,0.0,0.0,0.0,0.0,0.0,0.0,0.0,0.0,0.0
-0.3055497109889984,-0.29578399658203125,-0.2855490744113922,-0.2826196253299713,-0.3003847002983093,-0.30974438786506653,-0.3127962648868561,-0.2969883978366852,-0.282819926738739,-0.27870649099349976,-0.27512669563293457,-0.2614081799983978,-0.2473757117986679,-0.2330859899520874,-0.2352200597524643,-0.24590246379375458,-0.2594163417816162,-0.25760510563850403,-0.2537632882595062,-0.24929571151733398,-0.23970304429531097,-0.24237695336341858,-0.2752210199832916,-0.30860933661460876,-0.32275038957595825,-0.325223445892334,-0.35477516055107117,-0.35806694626808167,0.0,0.0,0.0,0.0,0.0,0.0,0.0,0.0,0.0,0.0,0.0,0.0,0.0,0.0,0.0,0.0,0.0,0.0,0.0,0.0,0.0
-0.3153236508369446,-0.2943292260169983,-0.2723548412322998,-0.25752103328704834,-0.270104318857193,-0.28655335307121277,-0.3035569489002228,-0.3011299967765808,-0.2865244448184967,-0.2778451144695282,-0.27740511298179626,-0.2675439715385437,-0.2543160915374756,-0.24035729467868805,-0.2419067621231079,-0.2559468746185303,-0.27276191115379333,-0.267001748085022,-0.25796180963516235,-0.24929189682006836,-0.24411512911319733,-0.24574671685695648,-0.2751339375972748,-0.31509557366371155,-0.3373012840747833,-0.3571403920650482,-0.3701348304748535,-0.39690330624580383,0.0,0.0,0.0,0.0,0.0,0.0,0.0,0.0,0.0,0.0,0.0,0.0,0.0,0.0,0.0,0.0,0.0,0.0,0.0,0.0,0.0
-0.32214879989624023,-0.2878827452659607,-0.25047609210014343,-0.22878578305244446,-0.2382599115371704,-0.26194411516189575,-0.2863256335258484,-0.2986612021923065,-0.28799787163734436,-0.2768259644508362,-0.2786003649234772,-0.27217525243759155,-0.2604856789112091,-0.24794280529022217,-0.24845361709594727,-0.2634946405887604,-0.2807700037956238,-0.2719382643699646,-0.25984567403793335,-0.24933338165283203,-0.25034698843955994,-0.2560396194458008,-0.2868831753730774,-0.3344365954399109,-0.3643839359283447,-0.36333730816841125,-0.33823931217193604,-0.3778982162475586,0.0,0.0,0.0,0.0,0.0,0.0,0.0,0.0,0.0,0.0,0.0,0.0,0.0,0.0,0.0,0.0,0.0,0.0,0.0,0.0,0.0
-0.32663223147392273,-0.2756749093532562,-0.22334341704845428,-0.19687519967556,-0.20512910187244415,-0.2328292727470398,-0.2656644880771637,-0.28795069456100464,-0.2827521860599518,-0.2741771936416626,-0.27756577730178833,-0.27458930015563965,-0.2664119601249695,-0.25662097334861755,-0.25774332880973816,-0.2718328535556793,-0.28506219387054443,-0.27373364567756653,-0.26102009415626526,-0.2530602812767029,-0.26085636019706726,-0.27423617243766785,-0.3146723210811615,-0.36653411388397217,-0.3859732747077942,-0.3365371525287628,-0.3164435923099518,-0.3603478670120239,0.0,0.0,0.0,0.0,0.0,0.0,0.0,0.0,0.0,0.0,0.0,0.0,0.0,0.0,0.0,0.0,0.0,0.0,0.0,0.0,0.0
-0.32445913553237915,-0.259396493434906,-0.20211689174175262,-0.16817274689674377,-0.1720668375492096,-0.20250889658927917,-0.24392853677272797,-0.2720974385738373,-0.2704634666442871,-0.26592957973480225,-0.27099108695983887,-0.27383533120155334,-0.2715086042881012,-0.26654958724975586,-0.26939573884010315,-0.2806270122528076,-0.2861247956752777,-0.2750709056854248,-0.26637041568756104,-0.2647055983543396,-0.2765846848487854,-0.30525776743888855,-0.3589177131652832,-0.3976415693759918,-0.3636724352836609,-0.31901711225509644,-0.31101542711257935,-0.30887022614479065,0.0,0.0,0.0,0.0,0.0,0.0,0.0,0.0,0.0,0.0,0.0,0.0,0.0,0.0,0.0,0.0,0.0,0.0,0.0,0.0,0.0
-0.3137495815753937,-0.24763783812522888,-0.19013549387454987,-0.1454082876443863,-0.1429934799671173,-0.1750548928976059,-0.22164756059646606,-0.25442102551460266,-0.25532370805740356,-0.25231465697288513,-0.25881898403167725,-0.26909756660461426,-0.2737257778644562,-0.27449527382850647,-0.27803823351860046,-0.28421491384506226,-0.2839834690093994,-0.2779524624347687,-0.2778241038322449,-0.2822025418281555,-0.3060184121131897,-0.356398344039917,-0.40191856026649475,-0.3959648013114929,-0.332181841135025,-0.3451301157474518,-0.3157937526702881,0.0,0.0,0.0,0.0,0.0,0.0,0.0,0.0,0.0,0.0,0.0,0.0,0.0,0.0,0.0,0.0,0.0,0.0,0.0,0.0,0.0,0.0
-0.3022136390209198,-0.24586831033229828,-0.18602804839611053,-0.13128666579723358,-0.12139582633972168,-0.15224553644657135,-0.20151104032993317,-0.23755885660648346,-0.24344250559806824,-0.2395789623260498,-0.246795654296875,-0.26020896434783936,-0.27029716968536377,-0.2757986783981323,-0.2794961929321289,-0.2820032835006714,-0.28119567036628723,-0.28386029601097107,-0.29468512535095215,-0.31298699975013733,-0.3581376075744629,-0.4084816873073578,-0.4179435968399048,-0.358956903219223,-0.3617168366909027,-0.40883779525756836,0.0,0.0,0.0,0.0,0.0,0.0,0.0,0.0,0.0,0.0,0.0,0.0,0.0,0.0,0.0,0.0,0.0,0.0,0.0,0.0,0.0,0.0,0.0
-0.28966522216796875,-0.2449430376291275,-0.18572862446308136,-0.12444969266653061,-0.10772997885942459,-0.13691140711307526,-0.1876244843006134,-0.22403882443904877,-0.23803065717220306,-0.235140860080719,-0.23993340134620667,-0.24989929795265198,-0.262353777885437,-0.27194908261299133,-0.277890145778656,-0.28143930435180664,-0.2848273813724518,-0.29888707399368286,-0.3238770067691803,-0.3604665994644165,-0.4090607762336731,-0.4267923831939697,-0.387072890996933,-0.3448464274406433,-0.3936355412006378,-0.43648436665534973,0.0,0.0,0.0,0.0,0.0,0.0,0.0,0.0,0.0,0.0,0.0,0.0,0.0,0.0,0.0,0.0,0.0,0.0,0.0,0.0,0.0,0.0,0.0
