eddy-track/src/assets/css/data.json
{"header": {"parameterUnit": "m.s-1", "parameterNumber": 2, "dx": 0.08333333333333333, "dy": 0.0708105404048421, "parameterNumberName": "Eastward current", "la1": 41.03938293457031, "la2": 21.0, "parameterCategory": 2, "lo2": 136.0, "nx": 241, "ny": 284, "refTime": "2017-02-01 23:00:00", "lo1": 116.0}, "data":
[rows 88 to 109 of 284, columns 147 to 195 of 241]
0.0,0.0,0.0,0.0,0.0,0.0,0.0,0.0,0.0,0.0,0.0,0.0,0.0,0.0,-0.0017477386863902211,6.253746687434614e-05,0.06489032506942749,0.15827050805091858,0.22475546598434448,0.2584715187549591,0.27734827995300293,0.2839040458202362,0.24846753478050232,0.23630201816558838,0.2407003939151764,0.1668734848499298,0.10717274248600006,0.11171533912420273,0.12481259554624557,0.13525918126106262,0.13904519379138947,0.13944633305072784,0.14586582779884338,0.1659882366657257,0.2008015513420105,0.2449404001235962,0.28114932775497437,0.28564509749412537,0.29289281368255615,0.27875596284866333,0.23690958321094513,0.24687926471233368,0.3217799663543701,0.42583271861076355,0.5227092504501343,0.5860569477081299,0.5282401442527771,0.3186945617198944,0.12404162436723709
0.0,0.0,0.0,0.0,0.0,0.0,0.0,0.0,0.0,0.0,0.0,0.0,0.0,0.0764760747551918,0.10413886606693268,0.19735440611839294,0.3023681640625,0.3720146715641022,0.3967648446559906,0.39745429158210754,0.3840760886669159,0.35889264941215515,0.30214065313339233,0.24116720259189606,0.23386250436306,0.18157586455345154,0.10102968662977219,0.08579184114933014,0.0914541557431221,0.09328388422727585,0.09302046149969101,0.10632195323705673,0.14448419213294983,0.19842875003814697,0.2542484402656555,0.30004775524139404,0.33174410462379456,0.33723244071006775,0.31088176369667053,0.2985375225543976,0.31729385256767273,0.34061399102211,0.3892040252685547,0.46176186203956604,0.49315428733825684,0.46717363595962524,0.37356939911842346,0.23774723708629608,0.15610052645206451
0.0,0.0,0.0,0.0,0.0,0.0,0.0,0.0,0.0,0.0,0.0,0.0,0.0,0.18389953672885895,0.29701316356658936,0.414492666721344,0.4899056851863861,0.5056562423706055,0.4905416667461395,0.4705599844455719,0.43612244725227356,0.37443676590919495,0.2827760577201843,0.18935590982437134,0.18079988658428192,0.16563843190670013,0.1021566092967987,0.08183486014604568,0.0783703476190567,0.07481083273887634,0.08328791707754135,0.11958008259534836,0.1786278933286667,0.2409791499376297,0.2907887101173401,0.3196868598461151,0.326137512922287,0.31347334384918213,0.29610809683799744,0.29075103998184204,0.304596483707428,0.3426581621170044,0.4023496210575104,0.4404233396053314,0.3963509798049927,0.30735862255096436,0.23274675011634827,0.17188751697540283,0.1524960696697235
0.0,0.0,0.0,0.0,0.0,0.0,0.0,0.0,0.0,0.0,0.0,0.15987205505371094,0.24929456412792206,0.34785303473472595,0.42630094289779663,0.4957152009010315,0.5338011980056763,0.5212768912315369,0.49006232619285583,0.4584561586380005,0.4038611948490143,0.3230913579463959,0.21980610489845276,0.11625625938177109,0.10865405201911926,0.11866576224565506,0.09004455804824829,0.08582530170679092,0.08347760140895844,0.09023874998092651,0.115692138671875,0.16353845596313477,0.222985178232193,0.27358055114746094,0.30314958095550537,0.316483736038208,0.31422048807144165,0.2818356156349182,0.24468517303466797,0.24930408596992493,0.28808626532554626,0.3392217755317688,0.38733237981796265,0.37955448031425476,0.3029814660549164,0.23423820734024048,0.1966654509305954,0.17751933634281158,0.0
0.0,0.0,0.0,0.0,0.0,0.0,0.0,0.15950040519237518,0.1527644693851471,0.11127402633428574,0.1083742082118988,0.17962871491909027,0.30711865425109863,0.41620057821273804,0.48275431990623474,0.5261902213096619,0.5426651835441589,0.5145658254623413,0.45465412735939026,0.3753954768180847,0.2739771008491516,0.18454058468341827,0.11345640569925308,0.03169168531894684,0.017737748101353645,0.0446004681289196,0.05961451679468155,0.08108800649642944,0.0927346795797348,0.1135983094573021,0.14688396453857422,0.19425997138023376,0.24985073506832123,0.2990812659263611,0.3331908881664276,0.3450224697589874,0.33818989992141724,0.3139742910861969,0.2845786213874817,0.28584256768226624,0.3142833411693573,0.34142908453941345,0.349315345287323,0.31054243445396423,0.251700758934021,0.21061602234840393,0.20428209006786346,0.0,0.0
0.0,0.0,0.0,0.0,0.0,0.0,0.0,0.10515493899583817,0.12303490936756134,0.13975147902965546,0.22665676474571228,0.3781655430793762,0.5018763542175293,0.5545212626457214,0.5360682010650635,0.5060755014419556,0.5060359835624695,0.46793538331985474,0.3412342369556427,0.1988343447446823,0.1101059839129448,0.07024428248405457,0.01698019541800022,-0.060960765928030014,-0.08154893666505814,-0.031544171273708344,0.02892482280731201,0.06678248941898346,0.09239107370376587,0.12207186967134476,0.1643676608800888,0.21563264727592468,0.26546618342399597,0.31175053119659424,0.35141661763191223,0.3659110963344574,0.3492714464664459,0.3256072998046875,0.3232443034648895,0.34069210290908813,0.3490438163280487,0.3364437222480774,0.3099149465560913,0.27614977955818176,0.24234528839588165,0.21614190936088562,0.0,0.0,0.0
0.0,0.0,0.0,0.0,0.0,0.0,0.0,0.0,0.16591189801692963,0.301401823759079,0.45716145634651184,0.5772691965103149,0.6128599643707275,0.5755575895309448,0.506885826587677,0.43794384598731995,0.3828617334365845,0.2656191885471344,0.10845809429883957,0.029341164976358414,-0.0055139739997684956,-0.07225964963436127,-0.16820091009140015,-0.22032342851161957,-0.17298056185245514,-0.06595863401889801,0.013845347799360752,0.05281379073858261,0.08368642628192902,0.12551847100257874,0.17753590643405914,0.22427603602409363,0.2638559639453888,0.2974891662597656,0.32113561034202576,0.32232511043548584,0.301952064037323,0.2984269857406616,0.3248057961463928,0.3391348123550415,0.31378480792045593,0.2595638632774353,0.20590470731258392,0.18834270536899567,0.0,0.0,0.0,0.0,0.0
-0.023875106126070023,0.0,0.0,0.0,0.0,0.0,0.0,0.0,0.2903718948364258,0.45293521881103516,0.5624268054962158,0.5911451578140259,0.5601100325584412,0.5073490738868713,0.4421009421348572,0.31335142254829407,0.121449775993824,-0.00025397431454621255,-0.041696175932884216,-0.09277456998825073,-0.18895262479782104,-0.30648085474967957,-0.3741397261619568,-0.3398744463920593,-0.1887344866991043,-0.04729976877570152,0.012410419061779976,0.046125493943691254,0.08523598313331604,0.13868921995162964,0.18868128955364227,0.2285923957824707,0.25510185956954956,0.26176464557647705,0.2547750771045685,0.23965464532375336,0.2404857724905014,0.27858966588974,0.304571270942688,0.2750393748283386,0.21797944605350494,0.16009169816970825,0.13217395544052124,0.19001643359661102,0.0,0.0,0.0,0.0,0.0
-0.06171274185180664,-0.05256695672869682,-0.04592614248394966,0.0,0.0,0.0,0.0,0.2571892738342285,0.390919029712677,0.4853191375732422,0.49927404522895813,0.4649020731449127,0.4640749394893646,0.41637757420539856,0.27116984128952026,0.07544337958097458,-0.05536031723022461,-0.04835376515984535,-0.05292665585875511,-0.166967511177063,-0.31878596544265747,-0.3982905149459839,-0.38090208172798157,-0.27206921577453613,-0.11958275735378265,-0.018004141747951508,0.02040340006351471,0.05131734535098076,0.10359153896570206,0.1592026799917221,0.1982506811618805,0.2253180742263794,0.23665262758731842,0.2266625016927719,0.20270338654518127,0.19025081396102905,0.2138197273015976,0.2348511666059494,0.21652594208717346,0.21268697082996368,0.21382825076580048,0.18816548585891724,0.0,0.0,0.0,0.0,0.0,0.0,0.0
-0.016903618350625038,-0.05812867358326912,-0.08855057507753372,-0.07915687561035156,-0.021812288090586662,0.0911923199892044,0.23154518008232117,0.3413024842739105,0.4100615680217743,0.4088096618652344,0.3484395742416382,0.3372187614440918,0.370844304561615,0.21534819900989532,0.021991783753037453,-0.02694924920797348,-0.03174252063035965,-0.021735234186053276,-0.05158025026321411,-0.13985000550746918,-0.2597304880619049,-0.3049526512622833,-0.23293030261993408,-0.111556276679039,-0.025185968726873398,0.01146700419485569,0.034890443086624146,0.08019353449344635,0.1425969898700714,0.1833382546901703,0.2066727876663208,0.22670559585094452,0.22906750440597534,0.2116445153951645,0.19412222504615784,0.1918720155954361,0.18400698900222778,0.15616169571876526,0.14432480931282043,0.0,0.0,0.0,0.0,0.0,0.0,0.0,0.0,0.0,0.0
0.18330895900726318,0.19604118168354034,0.20305737853050232,0.21148525178432465,0.22417598962783813,0.26758068799972534,0.33118936419487,0.3720029890537262,0.3620915412902832,0.2888687252998352,0.2415187805891037,0.2506871819496155,0.0,0.0,0.0,0.0,-0.017490623518824577,-0.001714605838060379,-0.04339129850268364,-0.09646712988615036,-0.15526126325130463,-0.16232703626155853,-0.09310968965291977,-0.015445129945874214,0.02109088934957981,0.037705887109041214,0.07507587969303131,0.13867753744125366,0.19295638799667358,0.2195053994655609,0.23736242949962616,0.25093042850494385,0.24498926103115082,0.22219036519527435,0.2062588632106781,0.18300576508045197,0.15416251122951508,0.14016687870025635,0.15839071571826935,0.0,0.0,0.0,0.0,0.0,0.0,0.0,0.0,0.0,0.0
0.2987551987171173,0.32510361075401306,0.3482304811477661,0.3603934645652771,0.3590349853038788,0.35653337836265564,0.3483147919178009,0.3142620623111725,0.24750865995883942,0.18827182054519653,0.19752226769924164,0.21104876697063446,0.0,0.0,0.0,0.0,-0.025913739576935768,-0.04079575464129448,-0.056839797645807266,-0.06851808726787567,-0.07592248916625977,-0.05352232977747917,-0.0050520687364041805,0.027676643803715706,0.04578138142824173,0.08021393418312073,0.1404910385608673,0.20590569078922272,0.24863360822200775,0.2731064260005951,0.284085750579834,0.28397566080093384,0.26909053325653076,0.23683010041713715,0.20576691627502441,0.19418127834796906,0.18792781233787537,0.18949837982654572,0.0,0.0,0.0,0.0,0.0,0.0,0.0,0.0,0.0,0.0,0.0
0.36389172077178955,0.3896733820438385,0.40899375081062317,0.41878610849380493,0.40467143058776855,0.36231353878974915,0.2982814908027649,0.23694534599781036,0.20036619901657104,0.21207742393016815,0.22456885874271393,0.18454515933990479,0.0,0.0,0.0,-0.029697397723793983,-0.027403520420193672,-0.05982167646288872,-0.060051705688238144,-0.049238380044698715,-0.04032663628458977,-0.01637461967766285,0.015655074268579483,0.04895230755209923,0.09621143341064453,0.15775957703590393,0.22143055498600006,0.27055624127388,0.302052766084671,0.31554582715034485,0.3024676740169525,0.28716978430747986,0.26546257734298706,0.22462278604507446,0.21930630505084991,0.2677135765552521,0.2992699444293976,0.0,0.0,0.0,0.0,0.0,0.0,0.0,0.0,0.0,0.0,0.0,0.0
0.38836240768432617,0.4084184765815735,0.42064401507377625,0.4190417528152466,0.3883771300315857,0.32492831349372864,0.2586817741394043,0.22444048523902893,0.2295195609331131,0.24481280148029327,0.18746116757392883,0.07306478172540665,0.0,0.0,0.0,-0.01885811612010002,-0.03949294239282608,-0.07328692823648453,-0.07469978928565979,-0.0691021978855133,-0.05548292025923729,-0.009739082306623459,0.0598909817636013,0.13353586196899414,0.19772326946258545,0.2553095519542694,0.2990241050720215,0.3256594240665436,0.3324323892593384,0.31119951605796814,0.26350849866867065,0.23494172096252441,0.0,0.0,0.0,0.0,0.0,0.0,0.0,0.0,0.0,0.0,0.0,0.0,0.0,0.0,0.0,0.0,0.0
0.41049444675445557,0.4176969528198242,0.40908578038215637,0.37537258863449097,0.3337661623954773,0.30577409267425537,0.2890658676624298,0.26971933245658875,0.25506606698036194,0.21823719143867493,0.10721363127231598,0.0,0.0,0.0,0.0,-0.05046481266617775,-0.07225247472524643,-0.10933440178632736,-0.11600072681903839,-0.08552752435207367,-0.015195319429039955,0.08712638169527054,0.18232931196689606,0.25022438168525696,0.2999694049358368,0.3347138464450836,0.3521134853363037,0.3463139832019806,0.31264546513557434,0.25176531076431274,0.17122536897659302,0.0,0.0,0.0,0.0,0.0,0.0,0.0,0.0,0.0,0.0,0.0,0.0,0.0,0.0,0.0,0.0,0.0,0.0
0.4339504837989807,0.41147667169570923,0.3626917600631714,0.32124894857406616,0.31543469429016113,0.3218587040901184,0.315385639667511,0.2920278310775757,0.26130253076553345,0.20326052606105804,0.0,0.0,0.0,0.0,0.0,-0.06813853979110718,-0.07987601310014725,-0.08082065731287003,-0.032395873218774796,0.06432344764471054,0.1678706705570221,0.25605762004852295,0.323449045419693,0.36367446184158325,0.37865114212036133,0.3746321499347687,0.34908974170684814,0.30085358023643494,0.23916120827198029,0.16941073536872864,0.10283458977937698,0.0,0.0,0.0,0.0,0.0,0.0,0.0,0.0,0.0,0.0,0.0,0.0,0.0,0.0,0.0,0.0,0.0,0.0
0.34850120544433594,0.3031434118747711,0.2873838543891907,0.3043659031391144,0.3146716356277466,0.2965987026691437,0.2678057551383972,0.2435206174850464,0.23089972138404846,0.2356560230255127,0.0,0.0,0.0,0.0,-0.056768570095300674,-0.03516567498445511,0.03712685778737068,0.14565350115299225,0.2559492886066437,0.33673444390296936,0.38919076323509216,0.42624133825302124,0.4521828889846802,0.45537230372428894,0.4244804382324219,0.36508649587631226,0.28893086314201355,0.2118537575006485,0.14691226184368134,0.10761576890945435,0.08561348915100098,0.0,0.0,0.0,0.0,0.0,0.0,0.0,0.0,0.0,0.0,0.0,0.0,0.0,0.0,0.0,0.0,0.0,0.0
0.21386441588401794,0.242213636636734,0.28303536772727966,0.29944202303886414,0.28054192662239075,0.24372415244579315,0.2162097692489624,0.19856497645378113,0.2016180455684662,0.24714875221252441,0.35156935453414917,0.3674328327178955,0.20156987011432648,0.02630939707159996,0.019999658688902855,0.15109965205192566,0.302152544260025,0.4389255940914154,0.5143397450447083,0.5290539860725403,0.5180439352989197,0.5064012408256531,0.49452295899391174,0.4583003520965576,0.37856557965278625,0.27706190943717957,0.18496884405612946,0.12395600974559784,0.10831908136606216,0.12236220389604568,0.11783559620380402,0.0,0.0,0.0,0.0,0.0,0.0,0.0,0.0,0.0,0.0,0.0,0.0,0.0,0.0,0.0,0.0,0.0,0.0
0.23659422993659973,0.26115846633911133,0.2714075446128845,0.2633924186229706,0.2412269562482834,0.21126388013362885,0.18615420162677765,0.15891043841838837,0.15100574493408203,0.14702655375003815,0.23472222685813904,0.3775860667228699,0.4241190552711487,0.413602352142334,0.41799938678741455,0.4682510197162628,0.5409578084945679,0.605228841304779,0.6074602007865906,0.5492809414863586,0.4833362102508545,0.43782538175582886,0.3957555890083313,0.328418493270874,0.2369975745677948,0.16570216417312622,0.1402636021375656,0.1506357640028,0.16711638867855072,0.16956597566604614,0.1458444446325302,0.0,0.0,0.0,0.0,0.0,0.0,0.0,0.0,0.0,0.0,0.0,0.0,0.0,0.0,0.0,0.0,0.0,0.0
0.2564040720462799,0.25848469138145447,0.25109484791755676,0.2356821596622467,0.2125319093465805,0.18414486944675446,0.1588846743106842,0.1308513730764389,0.10698700696229935,0.07989522814750671,0.12108108401298523,0.24643097817897797,0.3508416712284088,0.4287666380405426,0.4834218919277191,0.5086501836776733,0.5679280757904053,0.6166818737983704,0.5578882098197937,0.4438263177871704,0.3564023971557617,0.27512216567993164,0.18224963545799255,0.1361100971698761,0.13899832963943481,0.1665980964899063,0.20544415712356567,0.21935434639453888,0.19850921630859375,0.16911835968494415,0.14627966284751892,0.0,0.0,0.0,0.0,0.0,0.0,0.0,0.0,0.13760443031787872,0.16085617244243622,0.21256870031356812,0.0,0.0,0.0,0.0,0.0,0.0,0.0
0.26818400621414185,0.2612239122390747,0.23688705265522003,0.2066086232662201,0.17924584448337555,0.15518978238105774,0.13744837045669556,0.1195424348115921,0.09592027962207794,0.0853622704744339,0.0947243869304657,0.1295236498117447,0.19123569130897522,0.26921406388282776,0.3459932208061218,0.408596932888031,0.47707369923591614,0.4454682767391205,0.2524397373199463,0.07425650954246521,0.03619779646396637,0.08159154653549194,0.11745071411132812,0.13085585832595825,0.14787578582763672,0.19542600214481354,0.24037255346775055,0.21283186972141266,0.15652041137218475,0.0,0.0,0.0,0.0,0.0,0.0,0.09413543343544006,0.08973424136638641,0.08238373696804047,0.10459085553884506,0.1409355252981186,0.16296179592609406,0.17728623747825623,0.2006942480802536,0.24323655664920807,0.0,0.0,0.0,0.0,0.0
0.2887437343597412,0.2595093846321106,0.21418115496635437,0.17284327745437622,0.1476488709449768,0.13265766203403473,0.12607336044311523,0.11883865296840668,0.09210082143545151,0.0632513016462326,0.062027983367443085,0.09822265058755875,0.1696353256702423,0.24838311970233917,0.30225905776023865,0.3063821792602539,0.0,0.0,0.0,0.0,0.010011136531829834,0.016839513555169106,0.06306102126836777,0.11500664800405502,0.15629127621650696,0.19876627624034882,0.0,0.0,0.0,0.0,0.0,0.0,0.0,0.0,0.0,0.06233647093176842,0.06239738315343857,0.08467326313257217,0.1471148133277893,0.19693218171596527,0.19877468049526215,0.19348135590553284,0.21156972646713257,0.23072902858257294,0.2298964262008667,0.22923889756202698,0.22466184198856354,0.20781084895133972,0.1673324555158615
