eddy-track/src/assets/css/data.json
{"header": {"parameterUnit": "m.s-1", "parameterNumber": 3, "dx": 0.08333333333333333, "dy": 0.0708105404048421, "parameterNumberName": "Northward current", "la1": 41.03938293457031, "la2": 21.0, "parameterCategory": 2, "lo2": 136.0, "nx": 241, "ny": 284, "refTime": "2017-02-01 23:00:00", "lo1": 116.0}, "data":
[rows 132 to 153 of 284, columns 98 to 146 of 241]
-0.12617042660713196,-0.08237718790769577,-0.05231907591223717,-0.07687219232320786,-0.11454493552446365,-0.13225050270557404,-0.1261264979839325,-0.1196381077170372,-0.11568865180015564,-0.12102998048067093,-0.11977218091487885,-0.11648223549127579,-0.11237246543169022,-0.10792211443185806,-0.12362170964479446,-0.15926691889762878,-0.16710279881954193,-0.11773831397294998,-0.05121055990457535,-0.019760766997933388,-0.016082819551229477,-0.021015509963035583,-0.017568416893482208,-0.007982272654771805,-0.023133762180805206,-0.06538782268762589,-0.10427630692720413,-0.14055362343788147,-0.16948890686035156,-0.17270506918430328,-0.15610669553279877,-0.1261855512857437,-0.11012659966945648,-0.07280898839235306,-0.0392516627907753,-0.030158210545778275,0.0032446461264044046,0.04567722976207733,0.07021971046924591,0.05535602942109108,0.064307302236557,0.060420237481594086,0.049671366810798645,0.03127754479646683,0.0036874492652714252,-0.006849934346973896,-0.013638905249536037,0.005815261509269476,0.02559991367161274
-0.11438906937837601,-0.07575178146362305,-0.06544800102710724,-0.09831617027521133,-0.1267641931772232,-0.13286040723323822,-0.12665845453739166,-0.12825068831443787,-0.1294572651386261,-0.12881310284137726,-0.11956328898668289,-0.11305644363164902,-0.11505474150180817,-0.12087571620941162,-0.1278960108757019,-0.1371750384569168,-0.13570015132427216,-0.09629664570093155,-0.053726669400930405,-0.02619313634932041,-0.022687532007694244,-0.03170420601963997,-0.031089093536138535,-0.02097201719880104,-0.03252839669585228,-0.07180205732584,-0.1110808476805687,-0.14741870760917664,-0.17828677594661713,-0.18078939616680145,-0.1657036393880844,-0.146889328956604,-0.12241346389055252,-0.08177147805690765,-0.04799952730536461,-0.028028571978211403,0.012092952616512775,0.051866743713617325,0.06968530267477036,0.061552245169878006,0.07452832162380219,0.07011470198631287,0.06472188234329224,0.0535128079354763,0.03264668583869934,0.02227221243083477,0.00541519233956933,0.0019100835779681802,-0.00891735590994358
-0.1006610244512558,-0.07992637902498245,-0.0890594869852066,-0.12122286111116409,-0.13803593814373016,-0.13724346458911896,-0.1329459846019745,-0.1365508884191513,-0.13644540309906006,-0.1310087889432907,-0.11670894175767899,-0.10819375514984131,-0.1074073314666748,-0.12177010625600815,-0.13893753290176392,-0.1435500830411911,-0.1335010975599289,-0.0991336926817894,-0.05873912572860718,-0.031819362193346024,-0.028372762724757195,-0.040217701345682144,-0.04367927089333534,-0.03482002392411232,-0.04284222424030304,-0.07814237475395203,-0.11901383101940155,-0.15681247413158417,-0.18928393721580505,-0.19340506196022034,-0.18195095658302307,-0.16546057164669037,-0.13105982542037964,-0.09186714142560959,-0.05892918258905411,-0.02777772583067417,0.012178627774119377,0.05088473856449127,0.07235629856586456,0.06961285322904587,0.07211083918809891,0.06367143243551254,0.07166864722967148,0.07545085996389389,0.06750998646020889,0.050473403185606,0.02033175900578499,-0.007431813515722752,-0.032075703144073486
-0.09857811778783798,-0.09645198285579681,-0.11414298415184021,-0.13983790576457977,-0.14857381582260132,-0.14485085010528564,-0.13906444609165192,-0.14058662950992584,-0.13833807408809662,-0.1309184432029724,-0.11484546214342117,-0.10366693884134293,-0.1006021574139595,-0.11757944524288177,-0.1430443525314331,-0.15649209916591644,-0.14435994625091553,-0.10644245892763138,-0.06653650850057602,-0.04003279656171799,-0.0317574143409729,-0.04458509385585785,-0.053846780210733414,-0.049039848148822784,-0.05555514991283417,-0.0856333076953888,-0.12892374396324158,-0.17231786251068115,-0.2044152319431305,-0.20803742110729218,-0.19922104477882385,-0.18315771222114563,-0.14222893118858337,-0.1061207503080368,-0.07126574218273163,-0.029884018003940582,0.0074424734339118,0.04919861629605293,0.07711882889270782,0.07387655228376389,0.0640592873096466,0.0585177019238472,0.08525324612855911,0.10186484456062317,0.09467046707868576,0.06402536481618881,0.02350143902003765,-0.007426810450851917,-0.020871775224804878
-0.10939690470695496,-0.11653201282024384,-0.1337442845106125,-0.1534823477268219,-0.15783920884132385,-0.15214039385318756,-0.14359405636787415,-0.14050114154815674,-0.1365405023097992,-0.12948782742023468,-0.11572393029928207,-0.10304059833288193,-0.10147476941347122,-0.11840900778770447,-0.14646604657173157,-0.1629839390516281,-0.15276077389717102,-0.11760284751653671,-0.08077562600374222,-0.05173219367861748,-0.03767018020153046,-0.04798702895641327,-0.06114427000284195,-0.06446193903684616,-0.07160311192274094,-0.09711871296167374,-0.1399797648191452,-0.1889292150735855,-0.2201036512851715,-0.22357644140720367,-0.21652404963970184,-0.2005927711725235,-0.15642224252223969,-0.1240716427564621,-0.0842425748705864,-0.03454684093594551,0.004027985036373138,0.053805332630872726,0.08587618917226791,0.0766621083021164,0.05700692534446716,0.0574423223733902,0.1005353182554245,0.13164134323596954,0.12530265748500824,0.08211374282836914,0.03382548317313194,0.012037280946969986,0.004139937926083803
-0.12549562752246857,-0.13497976958751678,-0.1478879600763321,-0.16204750537872314,-0.16368235647678375,-0.1560315042734146,-0.14620065689086914,-0.13716886937618256,-0.13299013674259186,-0.1278337687253952,-0.11924253404140472,-0.10862693935632706,-0.10699307173490524,-0.12478771060705185,-0.15224647521972656,-0.16762465238571167,-0.1619274914264679,-0.13243982195854187,-0.09536468237638474,-0.062336865812540054,-0.04711252823472023,-0.0531441755592823,-0.06634869426488876,-0.07880198210477829,-0.08751368522644043,-0.11009438335895538,-0.14798881113529205,-0.1959458887577057,-0.2281666398048401,-0.23640787601470947,-0.2302757054567337,-0.2161371409893036,-0.17266018688678741,-0.14600084722042084,-0.10006967931985855,-0.04191577807068825,0.005177570041269064,0.06418226659297943,0.09364114701747894,0.07530585676431656,0.0485081747174263,0.0504639595746994,0.10016804933547974,0.14468896389007568,0.15129579603672028,0.11200303584337234,0.06477219611406326,0.041313279420137405,0.015261052176356316
-0.14276054501533508,-0.15093378722667694,-0.1571567952632904,-0.16422629356384277,-0.1633702665567398,-0.15687429904937744,-0.14448456466197968,-0.13278822600841522,-0.13056442141532898,-0.12875227630138397,-0.12527061998844147,-0.11815518885850906,-0.11649830639362335,-0.13323785364627838,-0.15938854217529297,-0.17392948269844055,-0.17204657196998596,-0.1453031301498413,-0.10486097633838654,-0.06844142824411392,-0.05710892006754875,-0.0612860731780529,-0.07165350764989853,-0.08900922536849976,-0.10036998987197876,-0.11997578293085098,-0.15071332454681396,-0.19293314218521118,-0.22510844469070435,-0.24161696434020996,-0.2365369200706482,-0.22844372689723969,-0.19140887260437012,-0.17046786844730377,-0.11896553635597229,-0.05062130093574524,0.009288979694247246,0.06951601803302765,0.08948943763971329,0.06303802877664566,0.03365989774465561,0.03512199968099594,0.08705657720565796,0.1397114396095276,0.15886127948760986,0.13115961849689484,0.0974872037768364,0.07358968257904053,0.0316045917570591
-0.1573839634656906,-0.1637110561132431,-0.16236145794391632,-0.16198860108852386,-0.15747322142124176,-0.15343867242336273,-0.13984344899654388,-0.13017547130584717,-0.1310894936323166,-0.13310936093330383,-0.1337149739265442,-0.12955738604068756,-0.1288253664970398,-0.14271698892116547,-0.16563382744789124,-0.18024562299251556,-0.17915980517864227,-0.15129199624061584,-0.10668258368968964,-0.07232938706874847,-0.06593330204486847,-0.0726386159658432,-0.07966729998588562,-0.09529146552085876,-0.10832442343235016,-0.12524829804897308,-0.14917521178722382,-0.1852254420518875,-0.2144206464290619,-0.23473544418811798,-0.23025505244731903,-0.23660121858119965,-0.2097596675157547,-0.19304735958576202,-0.13742469251155853,-0.05963486060500145,0.009513506665825844,0.06267503648996353,0.07350143790245056,0.0428510457277298,0.018699100241065025,0.02188030816614628,0.0744529590010643,0.1288037896156311,0.15199142694473267,0.13743282854557037,0.12113108485937119,0.09978500008583069,0.05331490933895111
-0.1637863963842392,-0.1697167605161667,-0.1645156294107437,-0.15823709964752197,-0.14975513517856598,-0.14523309469223022,-0.13574399054050446,-0.13047179579734802,-0.13499949872493744,-0.14037255942821503,-0.14381743967533112,-0.14194892346858978,-0.1422450989484787,-0.15255622565746307,-0.169656440615654,-0.18271787464618683,-0.17915065586566925,-0.14680682122707367,-0.10170944035053253,-0.0757303312420845,-0.07449647039175034,-0.08535470813512802,-0.09066743403673172,-0.1005571037530899,-0.11149418354034424,-0.12579935789108276,-0.14438536763191223,-0.17402683198451996,-0.19983696937561035,-0.21681241691112518,-0.21452023088932037,-0.23696041107177734,-0.22099018096923828,-0.2085912674665451,-0.15187111496925354,-0.0665840357542038,0.005977997090667486,0.05041975528001785,0.05659564584493637,0.0295888502150774,0.018421079963445663,0.02362220361828804,0.06945622712373734,0.11686313897371292,0.13859552145004272,0.1423032283782959,0.1418376863002777,0.12485754489898682,0.07282166928052902
-0.1623559594154358,-0.1677085906267166,-0.16329868137836456,-0.15404768288135529,-0.1429174393415451,-0.1382761299610138,-0.1344304233789444,-0.134324848651886,-0.14188581705093384,-0.14915426075458527,-0.15357667207717896,-0.15315373241901398,-0.15447191894054413,-0.1609548032283783,-0.1706942915916443,-0.1789054572582245,-0.1705981343984604,-0.133616641163826,-0.09655138850212097,-0.08078616112470627,-0.08456049859523773,-0.09709826111793518,-0.10204119235277176,-0.10584540665149689,-0.11204055696725845,-0.12241917848587036,-0.13785918056964874,-0.16092008352279663,-0.1833185851573944,-0.19588491320610046,-0.20362691581249237,-0.23395684361457825,-0.22180305421352386,-0.21194133162498474,-0.15962755680084229,-0.06729036569595337,0.004346691071987152,0.03999887406826019,0.04817146062850952,0.034811437129974365,0.0387742780148983,0.04430241510272026,0.07459321618080139,0.10426414012908936,0.12046553194522858,0.1471114158630371,0.15976224839687347,0.14339451491832733,0.08812495321035385
-0.1587686687707901,-0.16244642436504364,-0.1602334976196289,-0.151341050863266,-0.1402760148048401,-0.13767389953136444,-0.13832178711891174,-0.14163914322853088,-0.15010938048362732,-0.1575399786233902,-0.16146895289421082,-0.1608535647392273,-0.16218438744544983,-0.1656850427389145,-0.1683390587568283,-0.17013902962207794,-0.15809111297130585,-0.12190117686986923,-0.09650150686502457,-0.08749758452177048,-0.09489595144987106,-0.10579004883766174,-0.11000971496105194,-0.10836449265480042,-0.11027482897043228,-0.11676213145256042,-0.13118945062160492,-0.1488567441701889,-0.16637329757213593,-0.17801322042942047,-0.20221605896949768,-0.23144054412841797,-0.21171553432941437,-0.20130375027656555,-0.15633442997932434,-0.06056644022464752,0.004414998460561037,0.03280340135097504,0.05087006464600563,0.055201902985572815,0.0691443607211113,0.0741920918226242,0.08514751493930817,0.09191985428333282,0.10233485698699951,0.1458865851163864,0.1648959219455719,0.14535148441791534,0.09134700149297714
-0.1560438722372055,-0.15927550196647644,-0.1595889925956726,-0.15261273086071014,-0.14356224238872528,-0.14308612048625946,-0.1461191177368164,-0.15028932690620422,-0.15732751786708832,-0.16355881094932556,-0.1667071133852005,-0.16524308919906616,-0.16563773155212402,-0.16645199060440063,-0.16370593011379242,-0.16101975739002228,-0.148764967918396,-0.11804548650979996,-0.10004305839538574,-0.09428931772708893,-0.10247980058193207,-0.10994565486907959,-0.11163641512393951,-0.1061062216758728,-0.10622838884592056,-0.10974584519863129,-0.12285702675580978,-0.13844510912895203,-0.1525353193283081,-0.16701442003250122,-0.20131602883338928,-0.21967080235481262,-0.19153854250907898,-0.17846307158470154,-0.13934502005577087,-0.051491186022758484,0.0029131125193089247,0.032127272337675095,0.06222965940833092,0.07968579977750778,0.0979534462094307,0.10255462676286697,0.09556461870670319,0.08563846349716187,0.0979088842868805,0.14221405982971191,0.15164117515087128,0.125619038939476,0.08004603534936905
-0.1547478884458542,-0.1596674621105194,-0.1631496548652649,-0.15867795050144196,-0.1510310173034668,-0.15107430517673492,-0.1543533354997635,-0.15801773965358734,-0.1629827469587326,-0.1679864376783371,-0.16979391872882843,-0.1675177812576294,-0.16749340295791626,-0.16612772643566132,-0.15994322299957275,-0.15520207583904266,-0.14479680359363556,-0.11909759789705276,-0.10397139191627502,-0.10078553110361099,-0.10669685900211334,-0.11102903634309769,-0.10875575989484787,-0.10088177025318146,-0.1001361533999443,-0.10045147687196732,-0.11075296252965927,-0.12775708734989166,-0.1435493528842926,-0.16039864718914032,-0.19286605715751648,-0.19792529940605164,-0.16764989495277405,-0.15235303342342377,-0.11684241145849228,-0.043507810682058334,0.0043601179495453835,0.04166937991976738,0.08009055256843567,0.10531046241521835,0.12666794657707214,0.12767206132411957,0.11031057685613632,0.09851004183292389,0.11372870951890945,0.1357421576976776,0.11510168015956879,0.0888274610042572,0.06409430503845215
-0.1553150713443756,-0.16368994116783142,-0.1709621548652649,-0.16833573579788208,-0.15997107326984406,-0.15877042710781097,-0.1617417335510254,-0.16478443145751953,-0.1679682582616806,-0.1712193340063095,-0.17119236290454865,-0.1678113341331482,-0.16806970536708832,-0.16522900760173798,-0.15682202577590942,-0.15111683309078217,-0.14282384514808655,-0.12154963612556458,-0.10789025574922562,-0.10657598823308945,-0.11036551743745804,-0.11158241331577301,-0.10578028857707977,-0.09735726565122604,-0.09357593208551407,-0.0890609472990036,-0.09589238464832306,-0.11545264720916748,-0.1355423480272293,-0.1526476889848709,-0.18111617863178253,-0.17992274463176727,-0.14791299402713776,-0.12859240174293518,-0.09450457990169525,-0.029509130865335464,0.017478929832577705,0.062269601970911026,0.10352780669927597,0.13523760437965393,0.15736712515354156,0.15297828614711761,0.13876080513000488,0.13032759726047516,0.1304406374692917,0.11417748034000397,0.0694311186671257,0.06865578144788742,0.06306713074445724
-0.15784108638763428,-0.17093785107135773,-0.18207870423793793,-0.18003705143928528,-0.1689455807209015,-0.1658051609992981,-0.16901345551013947,-0.17115309834480286,-0.17183296382427216,-0.1722257286310196,-0.17069968581199646,-0.16548264026641846,-0.16465987265110016,-0.16180191934108734,-0.1512431651353836,-0.14583751559257507,-0.14025308191776276,-0.12410327047109604,-0.11236368119716644,-0.11225485801696777,-0.11419499665498734,-0.11272501200437546,-0.10507876425981522,-0.09627330303192139,-0.08775515854358673,-0.07793525606393814,-0.08099706470966339,-0.1011018306016922,-0.12393467873334885,-0.1427803784608841,-0.1721685528755188,-0.17155422270298004,-0.13531532883644104,-0.10401888936758041,-0.06516918540000916,-0.003181594656780362,0.03860852122306824,0.08811157941818237,0.13150478899478912,0.16680024564266205,0.18440258502960205,0.18000812828540802,0.17200928926467896,0.15329839289188385,0.12382376194000244,0.08648339658975601,0.06015249714255333,0.08121389150619507,0.06571882963180542
-0.16372716426849365,-0.18004176020622253,-0.19299031794071198,-0.19061097502708435,-0.1775948405265808,-0.1740197241306305,-0.17765921354293823,-0.1763875037431717,-0.173099547624588,-0.17035995423793793,-0.16693444550037384,-0.1601252555847168,-0.1577482521533966,-0.15596003830432892,-0.14400054514408112,-0.14062944054603577,-0.1377132385969162,-0.12762169539928436,-0.11842411011457443,-0.1176241859793663,-0.11673261970281601,-0.11380824446678162,-0.1048709973692894,-0.09507782757282257,-0.08294855058193207,-0.07019573450088501,-0.0692998468875885,-0.08602740615606308,-0.10867860168218613,-0.12613235414028168,-0.15641650557518005,-0.16135816276073456,-0.12535841763019562,-0.07982255518436432,-0.03480367735028267,0.019736988469958305,0.05498597025871277,0.11214815825223923,0.1619538515806198,0.19365951418876648,0.20314349234104156,0.1989315003156662,0.18625864386558533,0.14677150547504425,0.09447211772203445,0.07471312582492828,0.0827801302075386,0.0921405553817749,0.06403252482414246
-0.17367342114448547,-0.1883857399225235,-0.20008258521556854,-0.1969931274652481,-0.18517005443572998,-0.1841839700937271,-0.1882837563753128,-0.1799914836883545,-0.17041721940040588,-0.16485120356082916,-0.1605450063943863,-0.1528196930885315,-0.15061229467391968,-0.1503729671239853,-0.13968819379806519,-0.13860413432121277,-0.13778212666511536,-0.13253924250602722,-0.12567465007305145,-0.12264321744441986,-0.11867503076791763,-0.11275345832109451,-0.10377808660268784,-0.0939285084605217,-0.08055632561445236,-0.06790326535701752,-0.06421089172363281,-0.07413547486066818,-0.09387597441673279,-0.10541827976703644,-0.12990964949131012,-0.14103010296821594,-0.1135265901684761,-0.06413090974092484,-0.02163933776319027,0.026274019852280617,0.0696691945195198,0.13676483929157257,0.1890242099761963,0.21069197356700897,0.21313460171222687,0.20457404851913452,0.176226407289505,0.11126309633255005,0.06546589732170105,0.07545459270477295,0.08743961155414581,0.08882347494363785,0.07044152170419693
-0.18515346944332123,-0.1937982589006424,-0.20258896052837372,-0.1997230052947998,-0.191543847322464,-0.1945311576128006,-0.1985502690076828,-0.18166662752628326,-0.16483309864997864,-0.15812869369983673,-0.15526598691940308,-0.1466411054134369,-0.14592723548412323,-0.147836372256279,-0.14086543023586273,-0.13991984724998474,-0.1391191929578781,-0.13627691566944122,-0.1324067860841751,-0.128140389919281,-0.11994154751300812,-0.10877322405576706,-0.09962210804224014,-0.09164353460073471,-0.07991524040699005,-0.0685374066233635,-0.06507796049118042,-0.06778007000684738,-0.07739664614200592,-0.08348231017589569,-0.0992521420121193,-0.1129147931933403,-0.09628893435001373,-0.05095158889889717,-0.015612355433404446,0.0336274579167366,0.0914778932929039,0.15939828753471375,0.20313496887683868,0.21732117235660553,0.22155696153640747,0.20340371131896973,0.14685305953025818,0.06666047126054764,0.05724584311246872,0.07452079653739929,0.07727563381195068,0.08340118080377579,0.073157899081707
-0.19497106969356537,-0.19637557864189148,-0.20174981653690338,-0.20053277909755707,-0.197058767080307,-0.20256736874580383,-0.2036069631576538,-0.18150602281093597,-0.16174976527690887,-0.1565452367067337,-0.15557318925857544,-0.14541493356227875,-0.1435876190662384,-0.14674344658851624,-0.14457985758781433,-0.1426893025636673,-0.13845276832580566,-0.13666486740112305,-0.13720563054084778,-0.13413472473621368,-0.12092145532369614,-0.1047888994216919,-0.09192303568124771,-0.08588304370641708,-0.07787631452083588,-0.06872933357954025,-0.0659291222691536,-0.06375842541456223,-0.056819070130586624,-0.053639888763427734,-0.06360882520675659,-0.07494968920946121,-0.06423047184944153,-0.023168101906776428,0.004925834015011787,0.049787551164627075,0.10759127885103226,0.16691045463085175,0.20062868297100067,0.22188009321689606,0.23309123516082764,0.1907724291086197,0.10119795799255371,0.043109238147735596,0.06291388720273972,0.06747884303331375,0.07369273155927658,0.07769883424043655,0.06859095394611359
-0.20045259594917297,-0.1967972069978714,-0.19997979700565338,-0.20060615241527557,-0.20094022154808044,-0.20589853823184967,-0.20246346294879913,-0.18360698223114014,-0.16682128608226776,-0.16264623403549194,-0.16073726117610931,-0.14689408242702484,-0.14061056077480316,-0.14418737590312958,-0.14763541519641876,-0.14549247920513153,-0.1370873898267746,-0.13504159450531006,-0.13990578055381775,-0.1399707943201065,-0.12233204394578934,-0.1019761934876442,-0.08394735306501389,-0.07783139497041702,-0.07410764694213867,-0.07012050598859787,-0.06681795418262482,-0.06111455336213112,-0.04089978709816933,-0.02530941739678383,-0.02955036237835884,-0.035992302000522614,-0.028294796124100685,0.0055173118598759174,0.02364940382540226,0.056349415332078934,0.10606328397989273,0.1574835479259491,0.19225487112998962,0.22982238233089447,0.2260943204164505,0.14857785403728485,0.05536997690796852,0.041039567440748215,0.06406071037054062,0.05661209300160408,0.06924708932638168,0.06859936565160751,0.05710426717996597
-0.19928772747516632,-0.19376687705516815,-0.19766560196876526,-0.19962048530578613,-0.20107775926589966,-0.20363904535770416,-0.20011278986930847,-0.19009491801261902,-0.17607763409614563,-0.16887140274047852,-0.16278725862503052,-0.14462140202522278,-0.13528920710086823,-0.1396423727273941,-0.14889882504940033,-0.1477838009595871,-0.13688156008720398,-0.13388226926326752,-0.14158320426940918,-0.14366701245307922,-0.12241575866937637,-0.09829282760620117,-0.07740044593811035,-0.07151217758655548,-0.07212544977664948,-0.07562032341957092,-0.07146988064050674,-0.06064651906490326,-0.03216434270143509,-0.006666040979325771,-0.00039002997800707817,-0.001484947744756937,0.0013764927862212062,0.021742478013038635,0.02523462288081646,0.04839659482240677,0.09323715418577194,0.14183185994625092,0.1861572414636612,0.2142437845468521,0.1709652692079544,0.08220783621072769,0.0260117519646883,0.04734424129128456,0.05542456731200218,0.0390460230410099,0.04836677387356758,0.05039672926068306,0.043256379663944244
-0.191295325756073,-0.18480296432971954,-0.1927543431520462,-0.19678260385990143,-0.19839361310005188,-0.19944140315055847,-0.19906914234161377,-0.1940978318452835,-0.1765586882829666,-0.16252829134464264,-0.15272672474384308,-0.1369207501411438,-0.1312609612941742,-0.13635006546974182,-0.14795951545238495,-0.1487474888563156,-0.13844133913516998,-0.1346110999584198,-0.1411597728729248,-0.14172665774822235,-0.11903062462806702,-0.09266985207796097,-0.07381123304367065,-0.07013677805662155,-0.07285331189632416,-0.07986290007829666,-0.07375681400299072,-0.05633853003382683,-0.021765856072306633,0.010885887779295444,0.027548175305128098,0.03166147693991661,0.030647840350866318,0.0353730134665966,0.022151829674839973,0.03790082782506943,0.07881347835063934,0.13089028000831604,0.16987231373786926,0.15537692606449127,0.0851610079407692,0.02431880496442318,0.016097666695713997,0.05042925849556923,0.036674290895462036,0.01408964954316616,0.011993462219834328,0.022542456164956093,0.03268299251794815
