eddy-track/src/assets/css/data.json
{"header": {"parameterUnit": "m.s-1", "parameterNumber": 2, "dx": 0.08333333333333333, "dy": 0.0708105404048421, "parameterNumberName": "Eastward current", "la1": 41.03938293457031, "la2": 21.0, "parameterCategory": 2, "lo2": 136.0, "nx": 241, "ny": 284, "refTime": "2017-02-01 23:00:00", "lo1": 116.0}, "data":
[rows 132 to 153 of 284, columns 49 to 97 of 241]
0.0,0.0,0.0,0.0,0.0,0.0,0.0,0.0,0.0,0.0,0.0,0.0,0.0,0.0,0.0,0.0,0.0,0.13879655301570892,0.2090640366077423,0.28511184453964233,0.3239428400993347,0.2608075439929962,0.16251586377620697,0.09478528052568436,0.049950629472732544,0.027363207191228867,0.014170347712934017,0.0006123412167653441,-0.011520838364958763,-0.020849410444498062,-0.026490632444620132,-0.030178077518939972,-0.03409183397889137,-0.03649282082915306,-0.036107782274484634,-0.03382130339741707,-0.03132931888103485,-0.03179013356566429,-0.035754669457674026,-0.04040369763970375,-0.043345872312784195,-0.04322005808353424,-0.03965602442622185,-0.03490501642227173,-0.032577402889728546,-0.03470080345869064,-0.03740735352039337,-0.03308028355240822,-0.02498498000204563
0.0,0.0,0.0,0.0,0.0,0.0,0.0,0.0,0.0,0.0,0.0,0.0,0.0,0.0,0.0,0.0,0.0,0.14992712438106537,0.2353920191526413,0.3582856059074402,0.39761319756507874,0.2834331691265106,0.1593790352344513,0.08009606599807739,0.042250264436006546,0.028553534299135208,0.012995942495763302,-0.00287989410571754,-0.014040471985936165,-0.02324160374701023,-0.02907542698085308,-0.031651031225919724,-0.032460689544677734,-0.029716869816184044,-0.024167435243725777,-0.01781129278242588,-0.012548520229756832,-0.010571193881332874,-0.012624792754650116,-0.016591869294643402,-0.018083706498146057,-0.017506154254078865,-0.017212720587849617,-0.017554871737957,-0.020577391609549522,-0.02538924105465412,-0.02600737474858761,-0.01919535920023918,-0.011300277896225452
0.0,0.0,0.0,0.0,0.0,0.0,0.0,0.0,0.0,0.0,0.0,0.0,0.0,0.0,0.0,0.0,0.0,0.0,0.0,0.0,0.0,0.2762609124183655,0.15080612897872925,0.059206511825323105,0.02417607605457306,0.018702855333685875,0.0052707744762301445,-0.010404947213828564,-0.01837904378771782,-0.02471090294420719,-0.02957693114876747,-0.03272511810064316,-0.03218407183885574,-0.02356722205877304,-0.011196110397577286,-0.0008849420701153576,0.005411428865045309,0.0074300020933151245,0.005699753295630217,0.003631713567301631,0.004611261188983917,0.0051074037328362465,0.0015553467674180865,-0.004698625765740871,-0.01310573611408472,-0.021092981100082397,-0.022944780066609383,-0.017919179052114487,-0.012906667776405811
0.0,0.0,0.0,0.0,0.0,0.0,0.0,0.0,0.0,0.0,0.0,0.0,0.0,0.0,0.0,0.0,0.0,0.0,0.0,0.0,0.0,0.0,0.05187761411070824,0.01756409928202629,0.004865212831646204,0.0066200862638652325,-0.00623733177781105,-0.020801763981580734,-0.026460647583007812,-0.02627706713974476,-0.025277836248278618,-0.024420710280537605,-0.019234972074627876,-0.00770319951698184,0.006735880859196186,0.016833459958434105,0.020545469596982002,0.020865999162197113,0.019214006140828133,0.016425127163529396,0.014550191350281239,0.011734404601156712,0.0051033287309110165,-0.004437834955751896,-0.013689892366528511,-0.019681302830576897,-0.02188495360314846,-0.021514123305678368,-0.023228172212839127
0.0,0.0,0.0,0.0,0.0,0.0,0.0,0.0,0.0,0.0,0.0,0.0,0.0,0.0,0.0,0.0,0.0,0.0,0.0,0.0,0.0,0.0,0.1665734052658081,0.050036266446113586,0.018022596836090088,0.010809016413986683,-0.0057042865082621574,-0.021213987842202187,-0.02562670037150383,-0.020099010318517685,-0.010035029612481594,-0.00016494872397743165,0.007951606996357441,0.016832496970891953,0.026156645268201828,0.03137025982141495,0.03253860026597977,0.03100879304111004,0.02577466145157814,0.018642736598849297,0.012371908873319626,0.006704473868012428,-0.0005859383963979781,-0.009123400785028934,-0.016255903989076614,-0.021274155005812645,-0.025862250477075577,-0.03189472481608391,-0.042408574372529984
0.0,0.0,0.0,0.0,0.0,0.0,0.0,0.0,0.0,0.0,0.0,0.0,0.0,0.0,0.0,0.0,0.0,0.0,0.0,0.0,0.0,0.0,0.0,-0.0028574084863066673,0.013110375963151455,0.022031942382454872,0.014896009117364883,-0.0029149691108614206,-0.01267504133284092,-0.007544785272330046,0.0067743221297860146,0.019206419587135315,0.026964807882905006,0.03363925963640213,0.03952746465802193,0.04236006736755371,0.04120903089642525,0.036195386201143265,0.026012558490037918,0.013380488380789757,0.003377029672265053,-0.0030337863136082888,-0.008086458779871464,-0.013160757720470428,-0.018701327964663506,-0.024365799501538277,-0.030665015801787376,-0.04060620442032814,-0.05637519061565399
0.0,0.0,0.0,0.0,0.0,0.0,0.0,0.0,0.0,0.0,0.0,0.0,0.0,0.16260571777820587,0.0,0.0,0.0,0.0,0.0,0.0,0.0,0.0,0.0,-0.04647019878029823,-0.016254732385277748,0.016858216375112534,0.03399643674492836,0.03213334083557129,0.024275626987218857,0.023819508031010628,0.028569083660840988,0.03229344263672829,0.035582344979047775,0.03925170376896858,0.042296864092350006,0.04272649809718132,0.03958607092499733,0.033841460943222046,0.024848947301506996,0.013320034369826317,0.003276115981861949,-0.0023114376235753298,-0.0051741753704845905,-0.008625855669379234,-0.014818590134382248,-0.023150281980633736,-0.032029420137405396,-0.04287561774253845,-0.05792674794793129
0.0,0.0,0.0,0.0,0.0,0.0,0.0,0.0,0.0,0.0,0.0,0.0,0.0,0.054776500910520554,0.02120172791182995,0.0,0.0,0.0,0.0,0.0,0.0,0.0,-0.17016032338142395,-0.11508999019861221,-0.053959429264068604,0.00262703956104815,0.04094396159052849,0.06029970943927765,0.06237661466002464,0.052517447620630264,0.043281976133584976,0.040306515991687775,0.040651362389326096,0.04009372368454933,0.03943110629916191,0.03917018696665764,0.03746328502893448,0.03469885513186455,0.030348235741257668,0.02304154634475708,0.014750886708498001,0.009050398133695126,0.005909697152674198,0.0018806513398885727,-0.005791851319372654,-0.016490178182721138,-0.027642928063869476,-0.03876274451613426,-0.050716228783130646
0.0,0.0,0.0,0.0,0.0,0.0,0.0,0.0,0.0,0.0,0.0,0.0,0.0,0.0,-0.019739368930459023,0.0,0.0,0.0,0.0,0.0,0.0,0.0,-0.03598230704665184,-0.09989453852176666,-0.06473345309495926,-0.00773600535467267,0.03868383914232254,0.06468930095434189,0.07163409143686295,0.05987082049250603,0.04865746572613716,0.04770956560969353,0.04903449863195419,0.0457310676574707,0.04037132486701012,0.03642145171761513,0.03437468037009239,0.03396768495440483,0.033532049506902695,0.030504779890179634,0.024773959070444107,0.018532821908593178,0.01311353500932455,0.006951530929654837,-0.0022027476225048304,-0.013657351955771446,-0.02481810376048088,-0.034123264253139496,-0.04087161645293236
0.0,0.0,0.0,0.0,0.0,0.0,0.0,0.0,0.0,0.0,0.0,0.0,0.0,0.0,0.0,0.04457129165530205,0.01707877777516842,0.0,0.0,0.0,0.0,0.0,0.0,-0.07015208899974823,-0.061258889734745026,-0.01422314066439867,0.03230362385511398,0.05791500210762024,0.06498148292303085,0.05863200128078461,0.05173933506011963,0.053620874881744385,0.058519382029771805,0.05584509298205376,0.0486607551574707,0.041398946195840836,0.03569023683667183,0.03322160989046097,0.03237588331103325,0.030170848593115807,0.02552410587668419,0.019016198813915253,0.01246668305248022,0.005390510428696871,-0.004139583557844162,-0.014641881920397282,-0.02287258207798004,-0.027634546160697937,-0.030079074203968048
0.0,0.0,0.0,0.0,0.0,0.0,0.0,0.0,0.0,0.0,0.0,0.0,0.0,0.0,0.0,0.0,0.11951299011707306,0.1296887844800949,0.0,0.0,0.0,0.0,0.0,-0.06347473710775375,-0.062385473400354385,-0.015924450010061264,0.03388666734099388,0.05957447737455368,0.06350135803222656,0.059672802686691284,0.052176304161548615,0.05014203116297722,0.05536395311355591,0.05515733361244202,0.050161417573690414,0.04372010380029678,0.036529675126075745,0.031123587861657143,0.027543384581804276,0.02431745082139969,0.02029033936560154,0.015839779749512672,0.01194397546350956,0.006816886831074953,-0.0020252608228474855,-0.012564800679683685,-0.01907120831310749,-0.020304687321186066,-0.020443545654416084
0.0,0.0,0.0,0.0,0.0,0.0,0.0,0.0,0.0,0.0,0.0,0.0,0.0,0.0,0.0,0.0,0.0,0.08737608045339584,0.12902173399925232,0.0807836651802063,-0.018695630133152008,-0.13381895422935486,-0.1436205506324768,-0.09272757172584534,-0.062065042555332184,-0.004425183404237032,0.05075022578239441,0.07448593527078629,0.07147921621799469,0.06393109261989594,0.04963318258523941,0.03746125102043152,0.038267768919467926,0.04166054353117943,0.04199422895908356,0.03998742252588272,0.03344673663377762,0.025073286145925522,0.018421849235892296,0.013846585527062416,0.010802787728607655,0.009727220982313156,0.010350166819989681,0.008276919834315777,0.0003851338988170028,-0.010370714589953423,-0.016238752752542496,-0.015416484326124191,-0.014427159912884235
0.0,0.0,0.0,0.0,0.0,0.0,0.0,0.0,0.0,0.0,0.0,0.0,0.0,0.0,0.0,0.0,0.0,0.0,0.1503901481628418,0.1914645880460739,0.06887590885162354,-0.07826397567987442,-0.11267854273319244,-0.07877226173877716,-0.034382324665784836,0.023847419768571854,0.07455044239759445,0.09233178943395615,0.0817437544465065,0.06855539977550507,0.046045370399951935,0.022959906607866287,0.01788000576198101,0.024611178785562515,0.030889060348272324,0.03414006903767586,0.030250197276473045,0.02042108215391636,0.01106297317892313,0.004610702395439148,0.0010127387940883636,-0.0003819503472186625,-0.00014271795225795358,-0.0005410687299445271,-0.0034969665575772524,-0.009637624956667423,-0.012786305509507656,-0.010120915248990059,-0.008917015977203846
0.0,0.0,0.0,0.0,0.0,0.0,0.0,0.0,0.0,0.0,0.0,0.0,0.0,0.0,0.0,0.0,0.0,0.0,0.0,0.0,0.008024429902434349,-0.05322389677166939,-0.06005484610795975,-0.033704329282045364,0.008611753582954407,0.053287941962480545,0.08917171508073807,0.09903033822774887,0.08598146587610245,0.06906156986951828,0.04293447732925415,0.016487114131450653,0.006980177480727434,0.011630750261247158,0.01634228229522705,0.019294006749987602,0.020389769226312637,0.015891484916210175,0.008106599561870098,-0.00020739583123940974,-0.008225043304264545,-0.015308286063373089,-0.019219163805246353,-0.01909063197672367,-0.014641564339399338,-0.008742185309529305,-0.005777914542704821,-0.004104000981897116,-0.003442042972892523
0.0,0.0,0.0,0.0,0.0,0.0,0.0,0.0,0.0,0.0,0.0,0.0,0.0,0.0,0.0,0.0,0.0,0.0,0.0,0.0,0.0,0.0033846714068204165,-0.0004150219610892236,0.015812022611498833,0.039157938212156296,0.06365549564361572,0.08620382100343704,0.08960617333650589,0.07876305282115936,0.06204022839665413,0.04011067375540733,0.019312424585223198,0.0037566274404525757,-0.00324525055475533,-0.006940329913049936,-0.011253263801336288,-0.003470880910754204,0.00967847928404808,0.012665396556258202,0.006277475971728563,-0.004353092517703772,-0.015732211992144585,-0.02339569851756096,-0.026259439066052437,-0.02236323617398739,-0.011082112789154053,-0.0022866467479616404,-0.0005589663051068783,-0.0021795257925987244
0.0,0.0,0.0,0.0,0.0,0.0,0.0,0.0,0.0,0.0,0.0,0.0,0.0,0.0,0.0,0.0,0.0,0.0,0.0,0.0,0.0,0.0,0.09269842505455017,0.048872578889131546,0.048759374767541885,0.059042658656835556,0.07018902152776718,0.06813017278909683,0.058139193803071976,0.0410214364528656,0.025621943175792694,0.014160700142383575,-0.00249253842048347,-0.017726615071296692,-0.027465887367725372,-0.036749716848134995,-0.028816677629947662,-0.0021468140184879303,0.01798960752785206,0.020913204178214073,0.015619135461747646,0.005799670238047838,-0.00808630045503378,-0.019779929891228676,-0.021998872980475426,-0.014896067790687084,-0.0066111646592617035,-0.004173011053353548,-0.00746533228084445
0.0,0.0,0.0,0.0,0.0,0.0,0.0,0.0,0.0,0.0,0.0,0.0,0.0,0.0,0.0,0.0,0.0,0.0,0.0,0.0,0.0,0.0,0.0,-0.01035220269113779,0.02405887097120285,0.04291670024394989,0.04345371574163437,0.03743059188127518,0.0248417928814888,0.005502541549503803,-0.005027750972658396,-0.010598498396575451,-0.022710109129548073,-0.03225689008831978,-0.03497890755534172,-0.03977350518107414,-0.03851586952805519,-0.024781886488199234,-0.002581033855676651,0.015070532448589802,0.021769484505057335,0.024963585659861565,0.016264963895082474,-0.003326132195070386,-0.0137089304625988,-0.012427042238414288,-0.00994179304689169,-0.012507121078670025,-0.019914720207452774
0.0,0.0,0.0,0.0,0.0,0.0,0.0,0.0,0.0,0.0,0.0,0.0,0.0,0.0,0.0,0.0,0.0,0.0,0.0,0.0,0.0,0.0,0.0,-0.030678879469633102,0.003549860557541251,0.0165878776460886,0.01211619097739458,0.003048916347324848,-0.011902918107807636,-0.03136216476559639,-0.03986458480358124,-0.04489810764789581,-0.0518769845366478,-0.05288185924291611,-0.044423215091228485,-0.03494829311966896,-0.02625211328268051,-0.015694264322519302,-0.0033898623660206795,0.00831195805221796,0.014475155621767044,0.020241912454366684,0.02112566865980625,0.007769271731376648,-0.008219209499657154,-0.016100389882922173,-0.017899800091981888,-0.023769831284880638,-0.03612224757671356
0.0,0.0,0.0,0.0,0.0,0.0,0.0,0.0,0.0,0.0,0.0,0.0,0.0,0.0,0.0,0.0,0.0,0.0,0.0,0.0,0.0,0.0,0.0,-0.04651854559779167,-0.028760701417922974,-0.03373566269874573,-0.03631624951958656,-0.03685254231095314,-0.043215587735176086,-0.05262858793139458,-0.05656915530562401,-0.06123976781964302,-0.0645374059677124,-0.059731557965278625,-0.04258827120065689,-0.02273355796933174,-0.009744186885654926,-0.002152534667402506,0.004459130112081766,0.011518603190779686,0.012800320982933044,0.009047144092619419,0.007786858361214399,0.0012984884670004249,-0.01654561050236225,-0.03063497133553028,-0.03273313120007515,-0.03754347935318947,-0.05087163299322128
0.0,0.0,0.0,0.0,0.0,0.0,0.0,0.0,0.0,0.0,0.0,0.0,0.0,0.0,0.0,0.0,0.0,0.0,0.0,0.0,0.0,0.0,-0.18535710871219635,-0.0963381826877594,-0.10333789139986038,-0.11163121461868286,-0.09274221956729889,-0.07669807970523834,-0.07124559581279755,-0.0636826828122139,-0.057264797389507294,-0.05522416904568672,-0.050477534532547,-0.038673676550388336,-0.020704150199890137,-0.006288215052336454,-0.0014952291967347264,-0.004212693776935339,-0.008469531312584877,-0.007564192172139883,-0.004877474159002304,-0.008327402174472809,-0.012183536775410175,-0.01786794327199459,-0.03355151042342186,-0.046408120542764664,-0.04794645309448242,-0.05185035616159439,-0.06453673541545868
0.0,0.0,0.0,0.0,0.0,0.0,0.0,0.0,0.0,0.0,0.0,0.0,0.0,0.0,0.0,0.0,0.0,0.0,-0.13509221374988556,-0.1077941283583641,-0.11319296061992645,-0.16048280894756317,-0.16217198967933655,-0.11957834661006927,-0.1275402456521988,-0.1328594833612442,-0.10940688103437424,-0.09709788113832474,-0.08615376055240631,-0.06808619201183319,-0.052662741392850876,-0.04450184106826782,-0.03564194217324257,-0.022641438990831375,-0.011127381585538387,-0.00731261121109128,-0.01002797856926918,-0.018767252564430237,-0.029567111283540726,-0.032163266092538834,-0.025970468297600746,-0.0222778357565403,-0.026065833866596222,-0.03297514468431473,-0.04417814686894417,-0.05535440146923065,-0.05812159925699234,-0.06242997944355011,-0.07686217874288559
0.0,0.0,0.0,0.0,0.0,0.0,0.0,0.0,0.0,0.0,0.0,0.0,0.0,0.0,0.0,0.0,-0.1584460735321045,-0.16486673057079315,-0.16722141206264496,-0.16479776799678802,-0.1605120748281479,-0.1677870899438858,-0.16733404994010925,-0.14425207674503326,-0.1173434928059578,-0.11581657826900482,-0.11291582882404327,-0.09735225141048431,-0.08478601276874542,-0.06905905157327652,-0.05329199507832527,-0.04331989213824272,-0.03448261693120003,-0.02407141588628292,-0.01754656434059143,-0.01778757944703102,-0.02200804278254509,-0.03140295296907425,-0.04461153224110603,-0.050514400005340576,-0.04354698210954666,-0.027805499732494354,-0.016687359660863876,-0.01980266347527504,-0.03267009183764458,-0.04937092587351799,-0.059143684804439545,-0.06559193879365921,-0.08280238509178162
