eddy-track/src/assets/css/myGrid_u.asc
ncols     241
nrows    241
xllcorner 116.0
yllcorner 21.0
cellsize 1.0
NODATA_value -9999
[rows 0 to 31 of 241, columns 73 to 145 of 241]
-0.25 -0.30 -0.34 -0.36 -0.35 -0.33 -0.30 -0.27 -0.24 -0.22 -0.22 -0.21 -0.22 -0.22 -0.22 -0.22 -0.21 -0.20 -0.18 -0.17 -0.15 -0.13 -0.10 -0.08 -0.05 -0.02 0.02 0.07 0.11 0.16 0.20 0.24 0.27 0.28 0.28 0.27 0.25 0.23 0.21 0.17 0.13 0.09 0.05 0.03 0.02 0.02 0.03 0.04 0.05 0.05 0.05 0.05 0.05 0.06 0.08 0.11 0.13 0.15 0.17 0.18 0.19 0.19 0.19 0.19 0.19 0.20 0.21 0.21 0.20 0.19 0.16 0.13 0.11
-0.12 -0.18 -0.18 -0.13 -0.04 0.01 -0.03 -0.09 -0.08 -0.06 -0.07 -0.06 -0.01 0.06 0.07 0.06 0.06 0.08 0.12 0.17 0.21 0.25 0.29 0.33 0.37 0.42 0.46 0.50 0.54 0.58 0.62 0.64 0.63 0.59 0.56 0.53 0.50 0.47 0.45 0.46 0.49 0.53 0.55 0.53 0.49 0.45 0.42 0.39 0.35 0.33 0.31 0.32 0.35 0.41 0.50 0.60 0.71 0.82 0.89 0.92 0.93 0.93 0.93 0.90 0.90 0.94 0.71 0.33 0.15 0.10 0.00 -0.14 -0.24
0.09 0.01 -0.03 0.00 0.08 0.12 0.12 0.12 0.15 0.19 0.21 0.22 0.24 0.27 0.27 0.26 0.27 0.29 0.33 0.38 0.42 0.46 0.51 0.56 0.62 0.66 0.70 0.73 0.75 0.78 0.80 0.79 0.75 0.69 0.61 0.54 0.46 0.38 0.29 0.22 0.19 0.21 0.26 0.31 0.36 0.41 0.44 0.44 0.41 0.37 0.31 0.25 0.23 0.25 0.33 0.44 0.56 0.66 0.73 0.76 0.74 0.71 0.63 0.53 0.51 0.47 0.35 0.36 0.48 0.56 0.51 0.38 0.26
0.28 0.18 0.11 0.12 0.18 0.22 0.23 0.26 0.31 0.35 0.36 0.36 0.36 0.36 0.35 0.33 0.32 0.34 0.38 0.43 0.47 0.51 0.56 0.62 0.67 0.72 0.75 0.78 0.79 0.80 0.79 0.77 0.71 0.64 0.55 0.46 0.37 0.29 0.24 0.19 0.14 0.11 0.08 0.05 -0.00 -0.03 -0.01 0.02 0.02 -0.01 -0.03 -0.01 0.05 0.12 0.23 0.33 0.41 0.46 0.49 0.52 0.56 0.60 0.61 0.59 0.51 0.37 0.34 0.44 0.51 0.53 0.52 0.46 0.38
0.45 0.34 0.27 0.27 0.31 0.35 0.37 0.37 0.41 0.44 0.44 0.44 0.43 0.41 0.39 0.37 0.37 0.38 0.41 0.45 0.49 0.53 0.58 0.62 0.66 0.70 0.73 0.75 0.76 0.77 0.75 0.71 0.65 0.55 0.45 0.35 0.26 0.19 0.14 0.11 0.10 0.11 0.09 0.04 -0.04 -0.14 -0.21 -0.22 -0.19 -0.13 -0.04 0.05 0.14 0.23 0.31 0.37 0.43 0.47 0.49 0.50 0.52 0.56 0.57 0.53 0.44 0.36 0.35 0.41 0.49 0.54 0.54 0.48 0.42
0.60 0.52 0.46 0.43 0.44 0.47 0.48 0.47 0.48 0.48 0.49 0.49 0.50 0.48 0.46 0.44 0.43 0.44 0.46 0.49 0.53 0.57 0.62 0.66 0.70 0.73 0.74 0.73 0.72 0.70 0.68 0.63 0.56 0.46 0.36 0.28 0.21 0.13 0.04 -0.01 -0.02 -0.00 -0.01 -0.03 -0.05 -0.09 -0.10 -0.08 -0.05 0.00 0.08 0.15 0.23 0.29 0.34 0.37 0.41 0.45 0.46 0.46 0.48 0.49 0.46 0.39 0.32 0.30 0.33 0.40 0.48 0.55 0.56 0.49 0.43
0.75 0.71 0.64 0.57 0.55 0.55 0.55 0.55 0.53 0.50 0.50 0.52 0.55 0.56 0.54 0.52 0.52 0.51 0.51 0.54 0.58 0.63 0.69 0.74 0.76 0.76 0.74 0.70 0.66 0.64 0.62 0.58 0.52 0.43 0.35 0.29 0.23 0.14 0.02 -0.06 -0.08 -0.09 -0.13 -0.14 -0.12 -0.08 -0.03 0.02 0.07 0.12 0.17 0.23 0.28 0.32 0.33 0.33 0.37 0.40 0.41 0.42 0.44 0.42 0.36 0.30 0.27 0.29 0.35 0.42 0.49 0.57 0.59 0.55 0.48
0.91 0.85 0.76 0.68 0.63 0.61 0.61 0.61 0.57 0.52 0.50 0.52 0.57 0.60 0.60 0.59 0.58 0.57 0.57 0.60 0.64 0.69 0.73 0.76 0.76 0.73 0.69 0.65 0.62 0.61 0.60 0.56 0.51 0.44 0.38 0.33 0.27 0.17 0.04 -0.06 -0.11 -0.15 -0.21 -0.22 -0.17 -0.11 -0.03 0.07 0.15 0.20 0.24 0.29 0.32 0.31 0.29 0.28 0.31 0.34 0.35 0.34 0.33 0.30 0.27 0.25 0.25 0.30 0.38 0.45 0.52 0.60 0.64 0.63 0.58
0.97 0.91 0.85 0.79 0.73 0.68 0.65 0.64 0.59 0.54 0.51 0.52 0.56 0.60 0.62 0.61 0.61 0.61 0.62 0.65 0.68 0.71 0.73 0.74 0.74 0.71 0.68 0.64 0.61 0.59 0.56 0.53 0.47 0.42 0.37 0.33 0.28 0.18 0.06 -0.04 -0.13 -0.20 -0.26 -0.25 -0.20 -0.13 -0.01 0.11 0.19 0.24 0.29 0.32 0.32 0.26 0.22 0.22 0.27 0.30 0.29 0.24 0.20 0.17 0.18 0.21 0.26 0.34 0.43 0.51 0.57 0.64 0.70 0.71 0.67
0.92 0.94 0.95 0.90 0.81 0.74 0.69 0.64 0.58 0.54 0.53 0.53 0.56 0.59 0.59 0.59 0.60 0.62 0.63 0.65 0.67 0.69 0.71 0.73 0.74 0.72 0.69 0.64 0.58 0.54 0.50 0.46 0.41 0.36 0.33 0.30 0.25 0.17 0.07 -0.03 -0.14 -0.22 -0.25 -0.23 -0.17 -0.07 0.08 0.21 0.27 0.31 0.33 0.31 0.24 0.16 0.12 0.15 0.22 0.25 0.23 0.16 0.10 0.09 0.12 0.20 0.29 0.39 0.49 0.56 0.62 0.69 0.75 0.76 0.73
0.88 0.96 0.98 0.93 0.84 0.76 0.69 0.62 0.56 0.53 0.53 0.54 0.55 0.56 0.55 0.56 0.58 0.58 0.60 0.63 0.66 0.69 0.71 0.73 0.72 0.70 0.65 0.60 0.53 0.47 0.42 0.38 0.34 0.30 0.28 0.26 0.22 0.16 0.08 -0.04 -0.15 -0.21 -0.21 -0.16 -0.08 0.06 0.22 0.32 0.36 0.37 0.32 0.21 0.10 0.03 0.03 0.08 0.14 0.17 0.15 0.11 0.06 0.07 0.13 0.23 0.34 0.43 0.52 0.59 0.65 0.72 0.78 0.80 0.77
0.84 0.92 0.93 0.89 0.80 0.72 0.65 0.59 0.54 0.53 0.55 0.56 0.56 0.54 0.53 0.54 0.53 0.54 0.59 0.64 0.67 0.69 0.70 0.70 0.69 0.66 0.61 0.54 0.47 0.39 0.32 0.27 0.24 0.22 0.22 0.21 0.18 0.14 0.07 -0.04 -0.14 -0.16 -0.13 -0.06 0.06 0.20 0.32 0.39 0.42 0.36 0.22 0.06 -0.04 -0.07 -0.06 -0.02 0.03 0.08 0.09 0.08 0.07 0.10 0.17 0.27 0.36 0.44 0.51 0.58 0.65 0.73 0.79 0.81 0.79
0.79 0.84 0.84 0.80 0.73 0.65 0.58 0.54 0.52 0.54 0.57 0.57 0.55 0.52 0.51 0.50 0.49 0.53 0.60 0.65 0.67 0.68 0.69 0.69 0.66 0.61 0.54 0.46 0.37 0.28 0.20 0.15 0.12 0.11 0.13 0.14 0.12 0.10 0.05 -0.04 -0.11 -0.10 -0.04 0.05 0.17 0.28 0.37 0.43 0.40 0.25 0.05 -0.09 -0.13 -0.14 -0.13 -0.09 -0.03 0.03 0.08 0.10 0.12 0.16 0.22 0.29 0.37 0.44 0.50 0.55 0.62 0.70 0.76 0.77 0.76
0.72 0.73 0.73 0.70 0.64 0.56 0.50 0.49 0.49 0.54 0.58 0.57 0.53 0.50 0.48 0.45 0.46 0.52 0.60 0.63 0.65 0.67 0.69 0.66 0.59 0.51 0.43 0.34 0.24 0.15 0.10 0.07 0.04 0.04 0.06 0.06 0.06 0.06 0.04 -0.03 -0.08 -0.06 0.01 0.11 0.23 0.33 0.38 0.36 0.25 0.08 -0.07 -0.15 -0.18 -0.19 -0.17 -0.12 -0.05 0.02 0.08 0.11 0.15 0.19 0.24 0.31 0.39 0.46 0.49 0.52 0.57 0.62 0.67 0.69 0.68
0.64 0.63 0.62 0.61 0.57 0.50 0.46 0.46 0.48 0.56 0.59 0.53 0.49 0.46 0.42 0.40 0.43 0.51 0.58 0.61 0.63 0.64 0.63 0.56 0.46 0.37 0.29 0.19 0.11 0.08 0.06 0.03 -0.00 -0.02 -0.00 0.02 0.02 0.03 0.01 -0.04 -0.07 -0.06 0.00 0.09 0.17 0.21 0.21 0.17 0.07 -0.05 -0.14 -0.20 -0.24 -0.26 -0.22 -0.16 -0.07 0.01 0.08 0.13 0.17 0.20 0.26 0.33 0.41 0.47 0.49 0.49 0.50 0.53 0.56 0.58 0.57
0.52 0.51 0.52 0.53 0.52 0.49 0.46 0.46 0.51 0.57 0.53 0.45 0.43 0.41 0.37 0.37 0.42 0.49 0.55 0.56 0.58 0.57 0.51 0.39 0.28 0.21 0.14 0.08 0.04 0.05 0.04 0.01 -0.05 -0.07 -0.05 -0.03 -0.03 -0.04 -0.05 -0.06 -0.07 -0.07 -0.06 -0.04 -0.01 0.02 0.06 0.05 -0.02 -0.13 -0.22 -0.27 -0.31 -0.31 -0.26 -0.18 -0.08 0.03 0.12 0.17 0.19 0.21 0.25 0.32 0.39 0.44 0.45 0.44 0.44 0.45 0.48 0.49 0.47
0.40 0.41 0.44 0.46 0.48 0.49 0.47 0.49 0.55 0.53 0.44 0.38 0.38 0.35 0.32 0.35 0.42 0.48 0.50 0.50 0.49 0.44 0.33 0.22 0.15 0.10 0.04 -0.00 -0.01 0.01 0.01 -0.02 -0.06 -0.09 -0.10 -0.10 -0.10 -0.11 -0.10 -0.09 -0.10 -0.13 -0.13 -0.12 -0.09 -0.03 0.02 -0.00 -0.10 -0.23 -0.31 -0.33 -0.34 -0.32 -0.26 -0.17 -0.05 0.08 0.17 0.21 0.22 0.22 0.23 0.27 0.31 0.36 0.37 0.36 0.35 0.37 0.39 0.41 0.39
0.30 0.33 0.36 0.39 0.44 0.47 0.48 0.51 0.54 0.45 0.37 0.35 0.34 0.31 0.31 0.35 0.39 0.42 0.42 0.40 0.37 0.29 0.18 0.12 0.08 0.03 -0.03 -0.06 -0.06 -0.06 -0.06 -0.07 -0.09 -0.12 -0.15 -0.17 -0.16 -0.14 -0.13 -0.14 -0.16 -0.16 -0.15 -0.12 -0.07 -0.02 -0.01 -0.08 -0.21 -0.32 -0.36 -0.35 -0.33 -0.30 -0.23 -0.12 0.00 0.12 0.20 0.24 0.24 0.23 0.22 0.22 0.23 0.26 0.28 0.27 0.26 0.27 0.30 0.33 0.33
0.24 0.28 0.30 0.34 0.41 0.45 0.47 0.50 0.48 0.37 0.31 0.32 0.31 0.30 0.31 0.33 0.34 0.35 0.33 0.31 0.26 0.17 0.11 0.08 0.03 -0.02 -0.06 -0.09 -0.11 -0.13 -0.15 -0.15 -0.16 -0.19 -0.22 -0.23 -0.21 -0.18 -0.17 -0.18 -0.19 -0.19 -0.16 -0.11 -0.06 -0.03 -0.08 -0.20 -0.32 -0.38 -0.38 -0.35 -0.31 -0.25 -0.18 -0.07 0.05 0.16 0.24 0.27 0.26 0.23 0.20 0.17 0.17 0.19 0.21 0.21 0.19 0.19 0.22 0.27 0.28
0.23 0.26 0.29 0.35 0.41 0.43 0.44 0.46 0.39 0.31 0.28 0.29 0.29 0.29 0.31 0.32 0.30 0.29 0.27 0.24 0.17 0.10 0.07 0.04 0.00 -0.03 -0.06 -0.09 -0.13 -0.17 -0.22 -0.24 -0.25 -0.26 -0.27 -0.27 -0.24 -0.22 -0.20 -0.21 -0.22 -0.20 -0.16 -0.12 -0.08 -0.11 -0.19 -0.31 -0.38 -0.39 -0.36 -0.31 -0.25 -0.19 -0.12 -0.03 0.08 0.19 0.27 0.30 0.28 0.23 0.17 0.13 0.11 0.14 0.17 0.18 0.17 0.17 0.18 0.22 0.24
0.23 0.26 0.31 0.38 0.42 0.41 0.41 0.39 0.32 0.27 0.27 0.27 0.27 0.29 0.31 0.30 0.28 0.25 0.23 0.18 0.11 0.05 0.02 -0.01 -0.03 -0.03 -0.03 -0.05 -0.10 -0.17 -0.23 -0.28 -0.30 -0.31 -0.31 -0.29 -0.27 -0.24 -0.22 -0.21 -0.21 -0.21 -0.20 -0.19 -0.20 -0.23 -0.28 -0.33 -0.36 -0.35 -0.30 -0.24 -0.19 -0.14 -0.09 -0.02 0.08 0.20 0.29 0.32 0.29 0.22 0.15 0.09 0.07 0.09 0.15 0.18 0.18 0.17 0.17 0.20 0.21
0.22 0.25 0.31 0.37 0.40 0.40 0.38 0.34 0.28 0.26 0.26 0.27 0.27 0.30 0.30 0.28 0.26 0.23 0.19 0.13 0.06 0.00 -0.03 -0.06 -0.06 -0.05 -0.03 -0.02 -0.06 -0.14 -0.21 -0.26 -0.29 -0.32 -0.33 -0.32 -0.29 -0.26 -0.23 -0.21 -0.22 -0.25 -0.29 -0.31 -0.31 -0.30 -0.29 -0.30 -0.31 -0.28 -0.24 -0.18 -0.14 -0.11 -0.08 -0.02 0.08 0.19 0.28 0.31 0.28 0.22 0.14 0.08 0.05 0.07 0.13 0.18 0.19 0.17 0.17 0.19 0.20
0.20 0.23 0.28 0.32 0.36 0.39 0.37 0.31 0.28 0.27 0.26 0.26 0.28 0.30 0.29 0.27 0.25 0.21 0.16 0.09 0.01 -0.05 -0.09 -0.11 -0.11 -0.10 -0.06 -0.04 -0.05 -0.11 -0.18 -0.23 -0.26 -0.29 -0.31 -0.32 -0.31 -0.29 -0.27 -0.26 -0.27 -0.30 -0.34 -0.35 -0.34 -0.30 -0.27 -0.27 -0.26 -0.25 -0.21 -0.17 -0.13 -0.11 -0.08 -0.03 0.05 0.15 0.24 0.28 0.28 0.22 0.14 0.07 0.04 0.05 0.11 0.15 0.16 0.15 0.16 0.18 0.18
0.17 0.20 0.24 0.29 0.34 0.38 0.36 0.30 0.29 0.28 0.26 0.25 0.26 0.28 0.26 0.25 0.24 0.19 0.13 0.06 -0.02 -0.08 -0.12 -0.16 -0.17 -0.15 -0.11 -0.06 -0.06 -0.10 -0.17 -0.23 -0.26 -0.29 -0.31 -0.34 -0.33 -0.32 -0.31 -0.31 -0.31 -0.31 -0.32 -0.32 -0.31 -0.28 -0.26 -0.26 -0.25 -0.24 -0.22 -0.18 -0.14 -0.10 -0.08 -0.04 0.02 0.10 0.18 0.24 0.26 0.22 0.14 0.08 0.04 0.04 0.09 0.12 0.13 0.13 0.13 0.14 0.14
0.15 0.18 0.22 0.26 0.31 0.35 0.34 0.30 0.29 0.29 0.26 0.24 0.23 0.22 0.21 0.23 0.23 0.18 0.11 0.04 -0.01 -0.07 -0.13 -0.18 -0.20 -0.19 -0.15 -0.10 -0.08 -0.10 -0.16 -0.23 -0.28 -0.31 -0.34 -0.38 -0.39 -0.38 -0.36 -0.34 -0.32 -0.29 -0.28 -0.28 -0.27 -0.27 -0.26 -0.26 -0.25 -0.25 -0.22 -0.18 -0.14 -0.11 -0.08 -0.04 0.02 0.08 0.13 0.18 0.22 0.22 0.15 0.08 0.04 0.03 0.07 0.10 0.10 0.10 0.09 0.09 0.08
0.14 0.17 0.21 0.25 0.28 0.32 0.31 0.29 0.30 0.28 0.25 0.21 0.17 0.15 0.16 0.20 0.22 0.17 0.09 0.04 -0.00 -0.05 -0.11 -0.16 -0.20 -0.20 -0.18 -0.13 -0.09 -0.08 -0.12 -0.19 -0.27 -0.33 -0.37 -0.41 -0.42 -0.42 -0.39 -0.34 -0.29 -0.25 -0.24 -0.26 -0.27 -0.27 -0.27 -0.26 -0.25 -0.24 -0.23 -0.19 -0.15 -0.12 -0.07 -0.00 0.06 0.10 0.11 0.13 0.18 0.20 0.16 0.10 0.04 0.03 0.06 0.08 0.07 0.06 0.05 0.05 0.04
0.14 0.18 0.22 0.25 0.28 0.29 0.28 0.27 0.28 0.27 0.24 0.22 0.18 0.17 0.19 0.20 0.20 0.15 0.07 0.02 -0.01 -0.04 -0.08 -0.14 -0.18 -0.20 -0.19 -0.15 -0.10 -0.07 -0.07 -0.12 -0.21 -0.30 -0.36 -0.40 -0.41 -0.39 -0.35 -0.30 -0.26 -0.25 -0.27 -0.29 -0.29 -0.27 -0.24 -0.23 -0.23 -0.23 -0.22 -0.20 -0.17 -0.11 -0.04 0.03 0.09 0.12 0.10 0.10 0.13 0.17 0.17 0.12 0.07 0.05 0.06 0.07 0.05 0.03 0.02 0.01 0.01
0.15 0.20 0.25 0.28 0.28 0.27 0.26 0.25 0.26 0.25 0.26 0.27 0.23 0.22 0.26 0.26 0.22 0.13 0.04 -0.01 -0.03 -0.04 -0.07 -0.12 -0.17 -0.20 -0.20 -0.17 -0.12 -0.08 -0.06 -0.07 -0.13 -0.21 -0.29 -0.35 -0.37 -0.35 -0.32 -0.29 -0.29 -0.30 -0.31 -0.30 -0.27 -0.23 -0.20 -0.20 -0.21 -0.23 -0.24 -0.24 -0.20 -0.12 -0.03 0.04 0.09 0.10 0.09 0.07 0.10 0.14 0.17 0.15 0.11 0.08 0.06 0.05 0.02 -0.01 -0.01 -0.00 -0.00
0.18 0.23 0.28 0.31 0.30 0.27 0.25 0.25 0.25 0.26 0.28 0.29 0.25 0.26 0.30 0.29 0.23 0.14 0.05 0.01 -0.01 -0.03 -0.05 -0.08 -0.14 -0.19 -0.20 -0.18 -0.15 -0.11 -0.08 -0.06 -0.08 -0.12 -0.19 -0.24 -0.28 -0.29 -0.29 -0.30 -0.31 -0.32 -0.31 -0.30 -0.27 -0.24 -0.21 -0.23 -0.27 -0.31 -0.32 -0.30 -0.25 -0.17 -0.08 0.01 0.06 0.08 0.07 0.05 0.07 0.13 0.17 0.19 0.16 0.11 0.06 0.02 -0.02 -0.04 -0.03 -0.01 -0.01
0.23 0.27 0.32 0.34 0.33 0.28 0.26 0.26 0.27 0.27 0.27 0.27 0.24 0.27 0.30 0.28 0.23 0.15 0.07 0.03 -0.01 -0.04 -0.06 -0.08 -0.11 -0.15 -0.17 -0.16 -0.16 -0.14 -0.12 -0.10 -0.09 -0.10 -0.13 -0.16 -0.19 -0.21 -0.24 -0.26 -0.30 -0.33 -0.34 -0.35 -0.34 -0.31 -0.30 -0.34 -0.39 -0.40 -0.39 -0.37 -0.32 -0.25 -0.16 -0.06 0.00 0.04 0.04 0.04 0.07 0.13 0.19 0.22 0.20 0.13 0.05 -0.01 -0.06 -0.08 -0.06 -0.02 0.00
0.27 0.31 0.35 0.37 0.35 0.30 0.28 0.29 0.30 0.28 0.27 0.26 0.23 0.27 0.30 0.28 0.24 0.18 0.10 0.04 -0.01 -0.04 -0.07 -0.09 -0.11 -0.14 -0.15 -0.16 -0.17 -0.17 -0.15 -0.14 -0.12 -0.11 -0.12 -0.14 -0.14 -0.14 -0.17 -0.22 -0.28 -0.33 -0.37 -0.39 -0.39 -0.37 -0.38 -0.41 -0.44 -0.44 -0.43 -0.40 -0.37 -0.31 -0.22 -0.13 -0.06 -0.00 0.03 0.04 0.08 0.15 0.21 0.23 0.19 0.11 0.03 -0.03 -0.09 -0.12 -0.09 -0.03 0.01
0.31 0.34 0.37 0.39 0.37 0.33 0.31 0.31 0.31 0.29 0.28 0.26 0.23 0.26 0.29 0.28 0.25 0.20 0.13 0.07 0.01 -0.04 -0.08 -0.09 -0.11 -0.15 -0.18 -0.18 -0.19 -0.19 -0.18 -0.16 -0.16 -0.15 -0.16 -0.17 -0.15 -0.13 -0.16 -0.23 -0.30 -0.34 -0.37 -0.38 -0.37 -0.36 -0.37 -0.39 -0.42 -0.43 -0.41 -0.39 -0.37 -0.33 -0.25 -0.17 -0.09 -0.02 0.03 0.06 0.10 0.16 0.20 0.20 0.15 0.07 -0.00 -0.05 -0.10 -0.13 -0.12 -0.05 0.02
