eddy-track/src/assets/css/myGrid_u.asc
ncols     241
nrows    241
xllcorner 116.0
yllcorner 21.0
cellsize 1.0
NODATA_value -9999
[rows 0 to 31 of 241, columns 0 to 72 of 241]
-0.40 -0.40 -0.40 -0.41 -0.42 -0.42 -0.41 -0.40 -0.38 -0.35 -0.32 -0.29 -0.25 -0.21 -0.18 -0.16 -0.15 -0.14 -0.13 -0.13 -0.12 -0.12 -0.13 -0.13 -0.12 -0.09 -0.06 -0.03 -0.01 -0.02 -0.05 -0.08 -0.11 -0.13 -0.15 -0.16 -0.17 -0.18 -0.18 -0.18 -0.17 -0.18 -0.19 -0.21 -0.23 -0.26 -0.29 -0.31 -0.33 -0.34 -0.35 -0.35 -0.32 -0.28 -0.22 -0.17 -0.14 -0.12 -0.13 -0.15 -0.17 -0.19 -0.19 -0.18 -0.14 -0.09 -0.03 0.01 0.03 -0.01 -0.08 -0.14 -0.19
-0.20 -0.20 -0.08 -0.12 -0.13 -0.15 -0.18 -0.21 -0.24 -0.24 -0.24 -0.25 -0.28 -0.35 -0.42 -0.44 -0.44 -0.44 -0.44 -0.41 -0.36 -0.32 -0.31 -0.31 -0.29 -0.27 -0.25 -0.29 -0.38 -0.55 -0.80 -0.90 -0.80 -0.66 -0.55 -0.43 -0.30 -0.15 -0.01 0.07 0.11 0.17 0.23 0.30 0.36 0.02 -0.82 -1.31 -1.37 -1.48 -1.52 -1.46 -1.32 -1.09 -0.80 -0.51 -0.22 0.02 0.17 0.26 0.32 0.41 0.53 0.65 0.75 0.76 0.74 0.70 0.55 0.31 0.11 -0.00 -0.06
-0.32 -0.32 -0.27 -0.24 -0.25 -0.27 -0.28 -0.27 -0.27 -0.29 -0.30 -0.29 -0.30 -0.34 -0.36 -0.36 -0.36 -0.36 -0.36 -0.37 -0.37 -0.38 -0.40 -0.40 -0.38 -0.36 -0.35 -0.43 -0.64 -0.89 -0.97 -0.91 -0.84 -0.76 -0.66 -0.52 -0.35 -0.16 -0.01 0.06 0.08 0.05 0.01 -0.06 -0.30 -0.82 -1.30 -1.46 -1.51 -1.58 -1.60 -1.53 -1.42 -1.27 -1.11 -0.94 -0.67 -0.38 -0.20 -0.08 0.06 0.24 0.47 0.67 0.79 0.81 0.83 0.85 0.79 0.59 0.37 0.24 0.17
-0.31 -0.31 -0.30 -0.27 -0.27 -0.30 -0.31 -0.30 -0.29 -0.31 -0.33 -0.31 -0.30 -0.30 -0.32 -0.32 -0.33 -0.34 -0.35 -0.36 -0.38 -0.41 -0.43 -0.42 -0.40 -0.40 -0.42 -0.53 -0.78 -0.92 -0.86 -0.80 -0.78 -0.72 -0.62 -0.49 -0.34 -0.17 -0.05 -0.00 -0.04 -0.09 -0.13 -0.33 -0.71 -1.07 -1.25 -1.29 -1.32 -1.32 -1.27 -1.16 -1.03 -0.89 -0.82 -0.80 -0.67 -0.46 -0.30 -0.21 -0.11 0.08 0.29 0.45 0.52 0.61 0.72 0.81 0.83 0.72 0.58 0.48 0.39
-0.32 -0.32 -0.35 -0.34 -0.31 -0.31 -0.31 -0.29 -0.27 -0.29 -0.31 -0.31 -0.31 -0.31 -0.33 -0.34 -0.34 -0.34 -0.35 -0.37 -0.40 -0.44 -0.45 -0.42 -0.40 -0.39 -0.42 -0.57 -0.78 -0.81 -0.72 -0.69 -0.65 -0.60 -0.56 -0.49 -0.39 -0.25 -0.14 -0.11 -0.16 -0.20 -0.29 -0.52 -0.81 -0.99 -1.02 -1.02 -1.02 -1.01 -0.97 -0.91 -0.83 -0.72 -0.65 -0.64 -0.62 -0.51 -0.36 -0.25 -0.19 -0.02 0.16 0.24 0.32 0.46 0.62 0.75 0.81 0.78 0.71 0.65 0.57
-0.32 -0.32 -0.37 -0.38 -0.35 -0.31 -0.28 -0.25 -0.23 -0.24 -0.27 -0.29 -0.31 -0.33 -0.35 -0.37 -0.37 -0.36 -0.34 -0.36 -0.39 -0.41 -0.42 -0.39 -0.36 -0.34 -0.37 -0.50 -0.67 -0.68 -0.59 -0.53 -0.50 -0.51 -0.51 -0.48 -0.42 -0.31 -0.20 -0.15 -0.19 -0.24 -0.34 -0.54 -0.72 -0.77 -0.73 -0.70 -0.69 -0.70 -0.70 -0.69 -0.65 -0.59 -0.51 -0.45 -0.43 -0.37 -0.28 -0.18 -0.11 -0.00 0.13 0.17 0.23 0.37 0.53 0.68 0.78 0.81 0.79 0.76 0.69
-0.30 -0.30 -0.37 -0.40 -0.37 -0.33 -0.26 -0.21 -0.19 -0.20 -0.22 -0.25 -0.28 -0.31 -0.35 -0.37 -0.39 -0.37 -0.35 -0.34 -0.35 -0.35 -0.34 -0.32 -0.30 -0.28 -0.29 -0.36 -0.50 -0.54 -0.47 -0.41 -0.41 -0.43 -0.43 -0.41 -0.40 -0.34 -0.24 -0.18 -0.19 -0.23 -0.31 -0.45 -0.54 -0.52 -0.44 -0.37 -0.35 -0.36 -0.39 -0.43 -0.42 -0.39 -0.36 -0.28 -0.20 -0.16 -0.14 -0.09 -0.03 0.03 0.14 0.19 0.24 0.33 0.46 0.59 0.70 0.79 0.84 0.83 0.79
-0.26 -0.26 -0.31 -0.38 -0.38 -0.34 -0.27 -0.19 -0.16 -0.16 -0.19 -0.21 -0.24 -0.27 -0.31 -0.34 -0.36 -0.37 -0.35 -0.32 -0.30 -0.29 -0.26 -0.23 -0.21 -0.20 -0.20 -0.23 -0.33 -0.41 -0.36 -0.30 -0.29 -0.31 -0.32 -0.31 -0.32 -0.32 -0.26 -0.20 -0.19 -0.20 -0.22 -0.30 -0.34 -0.27 -0.17 -0.07 -0.01 -0.02 -0.09 -0.15 -0.17 -0.18 -0.18 -0.11 -0.00 0.04 0.02 -0.01 -0.01 0.04 0.14 0.22 0.27 0.32 0.41 0.52 0.63 0.75 0.84 0.87 0.89
-0.19 -0.19 -0.20 -0.30 -0.35 -0.34 -0.28 -0.20 -0.15 -0.13 -0.15 -0.17 -0.19 -0.22 -0.26 -0.27 -0.29 -0.31 -0.31 -0.28 -0.26 -0.24 -0.21 -0.18 -0.15 -0.13 -0.12 -0.12 -0.17 -0.26 -0.25 -0.17 -0.12 -0.12 -0.15 -0.18 -0.20 -0.23 -0.23 -0.17 -0.15 -0.16 -0.13 -0.13 -0.12 -0.05 0.05 0.15 0.22 0.21 0.14 0.08 0.04 0.01 -0.02 -0.01 0.01 -0.01 -0.02 -0.03 -0.03 0.02 0.11 0.20 0.26 0.30 0.38 0.47 0.60 0.73 0.80 0.86 0.95
-0.11 -0.11 -0.05 -0.12 -0.23 -0.28 -0.28 -0.26 -0.21 -0.14 -0.12 -0.13 -0.14 -0.15 -0.17 -0.18 -0.20 -0.22 -0.22 -0.23 -0.25 -0.26 -0.23 -0.19 -0.15 -0.12 -0.09 -0.06 -0.05 -0.07 -0.07 -0.03 0.02 0.03 -0.01 -0.03 -0.03 -0.08 -0.14 -0.12 -0.08 -0.09 -0.08 0.03 0.12 0.18 0.26 0.33 0.39 0.38 0.33 0.27 0.21 0.16 0.09 0.01 -0.18 -0.38 -0.33 -0.19 -0.12 -0.05 0.04 0.11 0.18 0.25 0.34 0.43 0.55 0.66 0.72 0.81 0.90
-0.07 -0.07 0.02 0.03 -0.05 -0.13 -0.22 -0.25 -0.23 -0.20 -0.14 -0.11 -0.11 -0.13 -0.12 -0.10 -0.13 -0.16 -0.19 -0.24 -0.28 -0.32 -0.33 -0.29 -0.22 -0.15 -0.10 -0.04 -0.00 0.04 0.08 0.10 0.15 0.18 0.17 0.15 0.14 0.09 -0.00 -0.04 -0.01 -0.02 -0.05 0.08 0.28 0.42 0.50 0.58 0.62 0.60 0.54 0.45 0.36 0.25 0.12 -0.06 -0.45 -0.77 -0.63 -0.34 -0.21 -0.13 -0.05 -0.01 0.06 0.17 0.26 0.35 0.44 0.53 0.62 0.73 0.80
-0.04 -0.04 0.08 0.15 0.11 0.10 0.03 -0.09 -0.22 -0.24 -0.21 -0.21 -0.18 -0.13 -0.11 -0.11 -0.12 -0.16 -0.20 -0.23 -0.26 -0.33 -0.36 -0.36 -0.34 -0.26 -0.17 -0.09 -0.02 0.07 0.16 0.22 0.28 0.33 0.33 0.30 0.27 0.22 0.12 0.02 -0.01 0.02 0.01 0.06 0.25 0.49 0.66 0.79 0.84 0.81 0.70 0.58 0.44 0.28 0.08 -0.14 -0.50 -0.84 -0.80 -0.46 -0.24 -0.20 -0.15 -0.12 -0.05 0.06 0.16 0.24 0.33 0.40 0.52 0.64 0.74
-0.02 -0.02 0.13 0.27 0.29 0.27 0.18 0.05 -0.04 -0.11 -0.21 -0.28 -0.25 -0.18 -0.15 -0.17 -0.17 -0.16 -0.15 -0.18 -0.24 -0.26 -0.27 -0.32 -0.33 -0.30 -0.27 -0.18 -0.10 0.00 0.13 0.22 0.29 0.35 0.39 0.38 0.34 0.28 0.19 0.08 0.00 0.02 0.06 0.07 0.16 0.36 0.59 0.76 0.82 0.76 0.67 0.57 0.43 0.23 -0.00 -9999.00 -9999.00 -9999.00 -9999.00 -9999.00 -0.26 -0.21 -0.21 -0.19 -0.14 -0.03 0.07 0.16 0.26 0.33 0.44 0.57 0.69
-0.05 -0.05 0.07 0.16 0.22 0.26 0.22 0.15 0.11 0.06 -0.03 -0.12 -0.16 -0.18 -0.19 -0.18 -0.12 -0.08 -0.12 -0.17 -0.16 -0.14 -0.19 -0.21 -0.17 -0.18 -0.19 -0.14 -0.10 -0.02 0.09 0.20 0.30 0.39 0.47 0.48 0.43 0.35 0.26 0.15 0.07 0.06 0.11 0.14 0.18 0.27 0.42 0.55 0.60 0.63 0.62 0.53 0.35 0.18 -9999.00 -9999.00 -9999.00 -9999.00 -9999.00 -9999.00 -0.25 -0.19 -0.24 -0.22 -0.19 -0.10 0.01 0.13 0.23 0.31 0.42 0.54 0.65
-0.11 -0.11 -0.07 -0.10 -0.09 0.03 0.11 0.13 0.10 0.05 -0.02 -0.07 -0.10 -0.13 -0.14 -0.13 -0.12 -0.13 -0.16 -0.19 -0.20 -0.25 -0.24 -0.24 -0.26 -0.20 -0.12 -0.10 -0.09 -0.01 0.09 0.16 0.22 0.27 0.33 0.35 0.32 0.28 0.24 0.19 0.12 0.07 0.11 0.19 0.25 0.32 0.41 0.50 0.57 0.62 0.57 0.42 0.28 0.20 0.11 -9999.00 -9999.00 -9999.00 -9999.00 -9999.00 -9999.00 -0.19 -0.24 -0.25 -0.23 -0.15 -0.03 0.09 0.19 0.30 0.42 0.51 0.60
-0.10 -0.10 -0.10 -0.14 -0.19 -0.14 -0.04 0.03 0.01 -0.05 -0.09 -0.10 -0.09 -0.10 -0.14 -0.16 -0.16 -0.17 -0.18 -0.21 -0.26 -0.31 -0.36 -0.38 -0.37 -0.36 -0.33 -0.29 -0.21 -0.10 -0.05 -0.09 -0.15 -0.15 -0.02 0.09 0.08 0.09 0.14 0.16 0.13 0.09 0.10 0.16 0.22 0.30 0.39 0.45 0.49 0.47 0.38 0.30 0.27 0.22 -9999.00 -9999.00 -9999.00 -9999.00 -9999.00 -9999.00 -9999.00 -0.21 -0.24 -0.26 -0.24 -0.17 -0.07 0.03 0.14 0.26 0.37 0.45 0.51
-0.11 -0.11 -0.09 -0.08 -0.11 -0.14 -0.12 -0.04 0.03 0.05 0.03 0.02 0.02 0.02 -0.01 -0.03 -0.05 -0.07 -0.11 -0.17 -0.24 -0.30 -0.36 -0.40 -0.43 -0.42 -0.43 -0.45 -0.39 -0.33 -0.33 -0.35 -0.38 -0.39 -0.36 -0.25 -0.12 -0.04 0.04 0.12 0.13 0.12 0.10 0.11 0.16 0.22 0.27 0.30 0.30 0.27 0.27 0.30 0.28 -9999.00 -9999.00 -9999.00 -9999.00 -9999.00 -9999.00 -9999.00 -9999.00 -0.27 -0.26 -0.26 -0.24 -0.18 -0.09 -0.00 0.10 0.22 0.31 0.36 0.39
-0.13 -0.13 -0.14 -0.13 -0.11 -0.11 -0.11 -0.09 -0.02 0.06 0.12 0.14 0.14 0.12 0.07 0.00 -0.03 -0.06 -0.10 -0.15 -0.21 -0.27 -0.33 -0.38 -0.40 -0.42 -0.47 -0.51 -0.50 -0.49 -0.50 -0.54 -0.57 -0.56 -0.51 -0.43 -0.33 -0.19 -0.05 0.07 0.13 0.15 0.15 0.14 0.16 0.18 0.18 0.19 0.21 0.25 0.30 0.32 0.24 -9999.00 -9999.00 -9999.00 -9999.00 -9999.00 -9999.00 -9999.00 -9999.00 -9999.00 -0.27 -0.26 -0.22 -0.17 -0.11 -0.03 0.06 0.18 0.25 0.26 0.28
-0.13 -0.13 -0.19 -0.23 -0.21 -0.18 -0.16 -0.13 -0.09 -0.04 0.02 0.06 0.08 0.07 0.02 -0.01 -0.03 -0.05 -0.08 -0.13 -0.18 -0.25 -0.31 -0.36 -0.40 -0.40 -0.41 -0.44 -0.46 -0.47 -0.49 -0.51 -0.54 -0.59 -0.62 -0.58 -0.47 -0.34 -0.18 -0.03 0.09 0.16 0.18 0.18 0.20 0.21 0.20 0.20 0.22 0.27 0.30 0.27 0.15 0.03 -9999.00 -9999.00 -9999.00 -9999.00 -9999.00 -9999.00 -9999.00 -9999.00 -0.27 -0.26 -0.21 -0.16 -0.11 -0.05 0.05 0.15 0.19 0.20 0.21
-0.07 -0.07 -0.08 -0.16 -0.22 -0.24 -0.22 -0.20 -0.17 -0.14 -0.11 -0.08 -0.04 -0.02 -0.02 -0.02 -0.02 -0.03 -0.06 -0.11 -0.16 -0.23 -0.29 -0.34 -0.38 -0.40 -0.40 -0.38 -0.37 -0.38 -0.43 -0.47 -0.50 -0.50 -0.53 -0.59 -0.57 -0.48 -0.34 -0.19 -0.04 0.07 0.15 0.18 0.21 0.22 0.22 0.22 0.22 0.23 0.21 -9999.00 -9999.00 -9999.00 -9999.00 -9999.00 -9999.00 -9999.00 -9999.00 -9999.00 -9999.00 -9999.00 -0.23 -0.25 -0.20 -0.14 -0.09 -0.04 0.05 0.12 0.14 0.16 0.19
-0.00 -0.00 0.07 0.06 0.01 -0.02 -0.07 -0.13 -0.17 -0.19 -0.18 -0.17 -0.13 -0.09 -0.07 -0.05 -0.04 -0.04 -0.05 -0.09 -0.15 -0.23 -0.30 -0.34 -0.38 -0.41 -0.43 -0.42 -0.39 -0.37 -0.38 -0.40 -0.45 -0.49 -0.50 -0.51 -0.52 -0.51 -0.46 -0.34 -0.21 -0.09 0.02 0.08 0.13 0.15 0.15 0.13 0.11 0.09 -9999.00 -9999.00 -9999.00 -9999.00 -9999.00 -9999.00 -9999.00 -9999.00 -9999.00 -9999.00 -9999.00 -9999.00 -0.15 -0.20 -0.19 -0.13 -0.07 -0.04 0.03 0.09 0.11 0.14 0.19
0.01 0.01 0.09 0.15 0.17 0.16 0.11 0.04 -0.02 -0.07 -0.12 -0.17 -0.20 -0.17 -0.13 -0.10 -0.08 -0.07 -0.07 -0.10 -0.15 -0.22 -0.30 -0.36 -0.41 -0.42 -0.42 -0.41 -0.39 -0.38 -0.39 -0.40 -0.43 -0.46 -0.48 -0.50 -0.48 -0.44 -0.41 -0.40 -0.35 -0.26 -0.16 -0.08 -0.03 -0.01 -0.02 -0.03 -0.04 -0.04 -9999.00 -9999.00 -9999.00 -9999.00 -9999.00 -9999.00 -9999.00 -9999.00 -9999.00 -9999.00 -9999.00 -9999.00 -9999.00 -0.06 -0.12 -0.12 -0.09 -0.05 0.00 0.06 0.08 0.13 0.19
-0.02 -0.02 0.12 0.16 0.20 0.21 0.19 0.12 0.04 -0.01 -0.05 -0.10 -0.18 -0.22 -0.20 -0.16 -0.13 -0.10 -0.09 -0.11 -0.16 -0.21 -0.28 -0.36 -0.40 -0.42 -0.41 -0.40 -0.41 -0.43 -0.45 -0.45 -0.45 -0.44 -0.44 -0.45 -0.46 -0.42 -0.36 -0.33 -0.35 -0.35 -0.30 -0.22 -0.18 -0.17 -0.17 -0.16 -0.14 -9999.00 -9999.00 -9999.00 -9999.00 -9999.00 -9999.00 -9999.00 -9999.00 -9999.00 -9999.00 -9999.00 -9999.00 -9999.00 -9999.00 -9999.00 -9999.00 -0.06 -0.09 -0.07 -0.02 0.03 0.05 0.10 0.17
-9999.00 -9999.00 -9999.00 -9999.00 -9999.00 -9999.00 -9999.00 -9999.00 -9999.00 0.00 -0.04 -0.10 -0.17 -0.22 -0.23 -0.21 -0.18 -0.14 -0.12 -0.12 -0.15 -0.20 -0.26 -0.33 -0.38 -0.40 -0.41 -0.41 -0.43 -0.46 -0.48 -0.47 -0.45 -0.43 -0.42 -0.41 -0.40 -0.38 -0.34 -0.29 -0.28 -0.32 -0.34 -0.30 -0.28 -0.26 -0.24 -0.20 -9999.00 -9999.00 -9999.00 -9999.00 -9999.00 -9999.00 -9999.00 -9999.00 -9999.00 -9999.00 -9999.00 -9999.00 -9999.00 -9999.00 -9999.00 -9999.00 -9999.00 0.02 -0.06 -0.09 -0.05 -0.00 0.03 0.09 0.14
-9999.00 -9999.00 -9999.00 -9999.00 -9999.00 -9999.00 -9999.00 -9999.00 0.03 0.01 -0.03 -0.11 -0.20 -0.23 -0.23 -0.23 -0.22 -0.19 -0.16 -0.15 -0.16 -0.19 -0.23 -0.29 -0.35 -0.37 -0.38 -0.40 -0.43 -0.46 -0.47 -0.47 -0.47 -0.44 -0.41 -0.40 -0.37 -0.34 -0.30 -0.26 -0.23 -0.25 -0.30 -0.32 -0.30 -0.28 -0.23 -0.15 -9999.00 -9999.00 -9999.00 -9999.00 -9999.00 -9999.00 -9999.00 -9999.00 -9999.00 -9999.00 -9999.00 -9999.00 -9999.00 -9999.00 -9999.00 -9999.00 -9999.00 -9999.00 0.06 -0.08 -0.08 -0.04 0.01 0.07 0.12
-9999.00 -9999.00 -9999.00 -9999.00 -9999.00 -9999.00 -9999.00 -9999.00 -9999.00 0.03 -0.01 -0.07 -0.16 -0.21 -0.21 -0.20 -0.21 -0.22 -0.21 -0.19 -0.19 -0.19 -0.21 -0.25 -0.30 -0.33 -0.35 -0.38 -0.41 -0.43 -0.44 -0.44 -0.43 -0.41 -0.38 -0.35 -0.32 -0.30 -0.28 -0.24 -0.20 -0.20 -0.24 -0.26 -0.25 -0.22 -0.17 -0.10 -0.04 -9999.00 -9999.00 -9999.00 -9999.00 -9999.00 -9999.00 -9999.00 -9999.00 -9999.00 -9999.00 -9999.00 -9999.00 -9999.00 -9999.00 -9999.00 -9999.00 -9999.00 0.02 -0.08 -0.09 -0.06 -0.01 0.05 0.10
-9999.00 -9999.00 -9999.00 -9999.00 -9999.00 -9999.00 -9999.00 -9999.00 -9999.00 -9999.00 0.00 -0.03 -0.06 -0.10 -0.15 -0.16 -0.15 -0.17 -0.20 -0.23 -0.24 -0.25 -0.27 -0.28 -0.29 -0.30 -0.32 -0.35 -0.38 -0.40 -0.40 -0.39 -0.39 -0.37 -0.33 -0.30 -0.26 -0.24 -0.24 -0.22 -0.19 -0.16 -0.17 -0.19 -0.18 -0.16 -0.14 -0.09 -9999.00 -9999.00 -9999.00 -9999.00 -9999.00 -9999.00 -9999.00 -9999.00 -9999.00 -9999.00 -9999.00 -9999.00 -9999.00 -9999.00 -9999.00 -9999.00 -9999.00 -9999.00 0.04 -0.04 -0.09 -0.07 -0.02 0.05 0.11
-9999.00 -9999.00 -9999.00 -9999.00 -9999.00 -9999.00 -9999.00 -9999.00 -9999.00 -9999.00 -9999.00 -9999.00 -0.01 -0.00 -0.03 -0.09 -0.11 -0.09 -0.09 -0.14 -0.16 -0.18 -0.21 -0.24 -0.26 -0.27 -0.29 -0.32 -0.34 -0.35 -0.35 -0.33 -0.31 -0.30 -0.29 -0.27 -0.23 -0.20 -0.19 -0.19 -0.18 -0.14 -0.11 -0.11 -0.11 -0.10 -0.09 -0.06 -0.03 -9999.00 -9999.00 -9999.00 -9999.00 -9999.00 -9999.00 -9999.00 -9999.00 -9999.00 -9999.00 -9999.00 -9999.00 -9999.00 -9999.00 -9999.00 -9999.00 -9999.00 -9999.00 -0.00 -0.07 -0.07 -0.01 0.07 0.13
-9999.00 -9999.00 -9999.00 -9999.00 -9999.00 -9999.00 -9999.00 -9999.00 -9999.00 -9999.00 -9999.00 -9999.00 -9999.00 -9999.00 -9999.00 -9999.00 -0.04 -0.05 -0.03 -0.04 -0.08 -0.11 -0.13 -0.16 -0.19 -0.22 -0.24 -0.27 -0.28 -0.29 -0.29 -0.27 -0.25 -0.23 -0.22 -0.20 -0.18 -0.15 -0.15 -0.16 -0.16 -0.12 -0.08 -0.05 -0.05 -0.06 -0.06 -0.03 -0.00 -9999.00 -9999.00 -9999.00 -9999.00 -9999.00 -9999.00 -9999.00 -9999.00 -9999.00 -9999.00 -9999.00 -9999.00 -9999.00 -9999.00 -9999.00 -9999.00 -9999.00 -9999.00 -9999.00 -0.05 -0.06 0.01 0.11 0.15
-9999.00 -9999.00 -9999.00 -9999.00 -9999.00 -9999.00 -9999.00 -9999.00 -9999.00 -9999.00 -9999.00 -9999.00 -9999.00 -9999.00 -9999.00 -9999.00 0.03 0.03 0.02 0.01 0.00 -0.02 -0.05 -0.08 -0.11 -0.15 -0.18 -0.20 -0.21 -0.22 -0.21 -0.20 -0.19 -0.20 -0.19 -0.18 -0.16 -0.14 -0.13 -0.14 -0.15 -0.12 -0.07 -0.03 -0.02 -0.03 -0.04 -0.02 0.02 -9999.00 -9999.00 -9999.00 -9999.00 -9999.00 -9999.00 -9999.00 -9999.00 -9999.00 -9999.00 -9999.00 -9999.00 -9999.00 -9999.00 -9999.00 -9999.00 -9999.00 -9999.00 0.01 -0.01 -0.03 0.04 0.14 0.19
-9999.00 -9999.00 -9999.00 -9999.00 -9999.00 -9999.00 -9999.00 -9999.00 -9999.00 -9999.00 -9999.00 -9999.00 -9999.00 -9999.00 -9999.00 -9999.00 0.08 0.11 0.10 0.07 0.05 0.05 0.05 0.03 -0.01 -0.05 -0.09 -0.12 -0.12 -0.12 -0.12 -0.12 -0.13 -0.15 -0.16 -0.15 -0.15 -0.15 -0.14 -0.12 -0.12 -0.10 -0.05 -0.01 0.00 -0.01 -0.03 -0.03 -9999.00 -9999.00 -9999.00 -9999.00 -9999.00 -9999.00 -9999.00 -9999.00 -9999.00 -9999.00 -9999.00 -9999.00 -9999.00 -9999.00 -9999.00 -9999.00 -9999.00 -9999.00 -9999.00 -9999.00 0.04 0.02 0.08 0.18 0.24
-9999.00 -9999.00 -9999.00 -9999.00 -9999.00 -9999.00 -9999.00 -9999.00 -9999.00 -9999.00 -9999.00 -9999.00 -9999.00 -9999.00 -9999.00 -9999.00 0.09 0.14 0.17 0.15 0.13 0.12 0.10 0.09 0.06 0.03 -0.00 -0.04 -0.05 -0.04 -0.05 -0.06 -0.10 -0.13 -0.14 -0.14 -0.13 -0.13 -0.13 -0.11 -0.09 -0.06 -0.02 0.01 0.02 -0.00 -0.03 -9999.00 -9999.00 -9999.00 -9999.00 -9999.00 -9999.00 -9999.00 -9999.00 -9999.00 -9999.00 -9999.00 -9999.00 -9999.00 -9999.00 -9999.00 -9999.00 -9999.00 -9999.00 -9999.00 -9999.00 0.16 0.10 0.07 0.13 0.23 0.28
