eddy-track/src/assets/css/myGrid_u.asc
ncols     241
nrows    241
xllcorner 116.0
yllcorner 21.0
cellsize 1.0
NODATA_value -9999
[rows 128 to 159 of 241, columns 73 to 145 of 241]
-0.22 -0.13 -0.07 -0.10 -0.10 -0.11 -0.10 -0.07 -0.03 -0.00 0.01 0.00 -0.00 -0.00 -0.00 -0.00 0.00 0.00 -0.00 -0.01 -0.02 -0.04 -0.05 -0.07 -0.09 -0.12 -0.14 -0.14 -0.15 -0.14 -0.14 -0.13 -0.13 -0.13 -0.12 -0.11 -0.10 -0.09 -0.08 -0.07 -0.07 -0.08 -0.08 -0.09 -0.11 -0.17 -0.18 -0.13 -0.08 -0.07 -0.05 -0.04 -0.04 -0.03 -0.02 -0.02 -0.02 -0.01 0.02 0.04 0.05 0.08 0.11 0.13 0.14 0.13 0.11 0.11 0.10 0.07 0.07 0.08 0.10
-0.20 -0.08 -0.05 -0.10 -0.09 -0.10 -0.12 -0.11 -0.08 -0.05 -0.03 -0.02 -0.02 -0.01 -0.01 -0.00 0.00 0.00 -0.00 -0.01 -0.02 -0.04 -0.05 -0.06 -0.08 -0.10 -0.13 -0.14 -0.14 -0.14 -0.14 -0.13 -0.13 -0.12 -0.12 -0.11 -0.10 -0.09 -0.08 -0.08 -0.07 -0.07 -0.08 -0.12 -0.19 -0.23 -0.17 -0.10 -0.08 -0.06 -0.05 -0.05 -0.05 -0.04 -0.03 -0.03 -0.04 -0.03 -0.02 -0.01 0.00 0.02 0.05 0.08 0.12 0.13 0.11 0.09 0.07 0.05 0.06 0.08 0.09
-0.10 0.00 -0.01 -0.08 -0.08 -0.12 -0.14 -0.14 -0.12 -0.08 -0.05 -0.03 -0.02 -0.01 -0.01 -0.00 0.00 0.00 -0.00 -0.01 -0.02 -0.03 -0.04 -0.05 -0.06 -0.08 -0.10 -0.12 -0.12 -0.12 -0.13 -0.12 -0.12 -0.12 -0.11 -0.11 -0.10 -0.09 -0.09 -0.08 -0.07 -0.07 -0.10 -0.19 -0.26 -0.22 -0.14 -0.11 -0.10 -0.07 -0.06 -0.06 -0.05 -0.04 -0.03 -0.03 -0.05 -0.05 -0.04 -0.04 -0.04 -0.03 -0.02 0.02 0.07 0.11 0.09 0.04 0.02 0.02 0.05 0.06 0.06
0.04 0.05 -0.02 -0.06 -0.07 -0.10 -0.12 -0.13 -0.13 -0.10 -0.07 -0.04 -0.03 -0.03 -0.02 -0.02 -0.01 -0.01 -0.01 -0.01 -0.02 -0.02 -0.03 -0.03 -0.04 -0.06 -0.08 -0.09 -0.10 -0.11 -0.12 -0.12 -0.11 -0.11 -0.10 -0.10 -0.10 -0.10 -0.09 -0.08 -0.07 -0.10 -0.19 -0.28 -0.26 -0.16 -0.11 -0.11 -0.10 -0.07 -0.06 -0.05 -0.05 -0.04 -0.03 -0.04 -0.06 -0.06 -0.07 -0.07 -0.08 -0.08 -0.07 -0.04 0.01 0.03 0.00 -0.03 -0.02 0.00 0.02 0.03 0.03
0.04 -0.03 -0.06 -0.05 -0.07 -0.09 -0.10 -0.11 -0.11 -0.09 -0.08 -0.06 -0.04 -0.03 -0.03 -0.02 -0.02 -0.01 -0.01 -0.01 -0.02 -0.03 -0.03 -0.03 -0.04 -0.05 -0.07 -0.08 -0.09 -0.10 -0.11 -0.11 -0.11 -0.10 -0.10 -0.10 -0.10 -0.09 -0.09 -0.08 -0.09 -0.17 -0.28 -0.29 -0.16 -0.07 -0.07 -0.08 -0.07 -0.06 -0.05 -0.05 -0.05 -0.04 -0.05 -0.06 -0.08 -0.09 -0.10 -0.11 -0.12 -0.11 -0.09 -0.07 -0.06 -0.08 -0.08 -0.06 -0.02 -0.01 -0.00 0.01 0.01
-0.11 -0.10 -0.08 -0.08 -0.08 -0.09 -0.10 -0.10 -0.11 -0.10 -0.08 -0.06 -0.04 -0.03 -0.02 -0.02 -0.02 -0.02 -0.02 -0.02 -0.02 -0.04 -0.05 -0.05 -0.05 -0.05 -0.06 -0.07 -0.08 -0.10 -0.11 -0.11 -0.11 -0.10 -0.10 -0.10 -0.10 -0.09 -0.08 -0.08 -0.15 -0.26 -0.31 -0.20 -0.07 -0.04 -0.06 -0.05 -0.04 -0.03 -0.04 -0.04 -0.04 -0.05 -0.06 -0.08 -0.10 -0.11 -0.12 -0.14 -0.14 -0.12 -0.09 -0.08 -0.11 -0.13 -0.10 -0.06 -0.02 -0.01 -0.00 0.02 0.02
-0.11 -0.10 -0.10 -0.11 -0.12 -0.12 -0.11 -0.11 -0.12 -0.11 -0.10 -0.08 -0.05 -0.04 -0.03 -0.03 -0.03 -0.03 -0.04 -0.04 -0.04 -0.05 -0.06 -0.06 -0.06 -0.07 -0.07 -0.08 -0.09 -0.10 -0.11 -0.11 -0.10 -0.10 -0.10 -0.10 -0.10 -0.08 -0.08 -0.12 -0.21 -0.29 -0.25 -0.13 -0.10 -0.14 -0.13 -0.09 -0.05 -0.02 -0.02 -0.03 -0.04 -0.05 -0.06 -0.08 -0.10 -0.12 -0.12 -0.13 -0.12 -0.10 -0.08 -0.10 -0.14 -0.12 -0.06 -0.04 -0.03 -0.02 0.01 0.02 0.02
-0.11 -0.12 -0.13 -0.14 -0.15 -0.14 -0.13 -0.13 -0.13 -0.13 -0.12 -0.10 -0.08 -0.06 -0.05 -0.04 -0.05 -0.07 -0.08 -0.07 -0.06 -0.07 -0.08 -0.08 -0.08 -0.08 -0.08 -0.08 -0.10 -0.11 -0.11 -0.11 -0.10 -0.10 -0.10 -0.10 -0.09 -0.08 -0.08 -0.14 -0.23 -0.27 -0.22 -0.19 -0.21 -0.21 -0.18 -0.14 -0.09 -0.04 -0.01 -0.01 -0.02 -0.04 -0.06 -0.07 -0.09 -0.10 -0.10 -0.09 -0.09 -0.09 -0.10 -0.14 -0.14 -0.07 -0.01 -0.02 -0.04 -0.02 0.03 0.03 0.01
-0.11 -0.13 -0.14 -0.16 -0.17 -0.15 -0.15 -0.16 -0.14 -0.14 -0.13 -0.11 -0.10 -0.09 -0.07 -0.07 -0.08 -0.10 -0.09 -0.08 -0.09 -0.09 -0.10 -0.11 -0.10 -0.09 -0.09 -0.10 -0.12 -0.12 -0.11 -0.10 -0.10 -0.10 -0.11 -0.11 -0.10 -0.08 -0.08 -0.15 -0.22 -0.24 -0.22 -0.20 -0.17 -0.12 -0.07 -0.05 -0.06 -0.04 -0.01 -0.00 -0.01 -0.03 -0.05 -0.06 -0.06 -0.08 -0.07 -0.07 -0.09 -0.11 -0.13 -0.14 -0.10 -0.03 0.01 -0.01 -0.04 -0.03 0.02 0.00 -0.05
-0.12 -0.13 -0.15 -0.17 -0.17 -0.15 -0.19 -0.19 -0.15 -0.16 -0.16 -0.14 -0.13 -0.11 -0.10 -0.10 -0.11 -0.11 -0.10 -0.10 -0.10 -0.11 -0.12 -0.12 -0.10 -0.10 -0.11 -0.13 -0.13 -0.12 -0.11 -0.10 -0.10 -0.11 -0.11 -0.10 -0.08 -0.06 -0.08 -0.14 -0.19 -0.21 -0.18 -0.13 -0.06 0.01 0.07 0.09 0.07 0.03 0.01 0.00 0.00 -0.01 -0.04 -0.05 -0.05 -0.06 -0.07 -0.08 -0.11 -0.14 -0.14 -0.11 -0.06 -0.01 0.01 0.00 -0.02 -0.03 -0.02 -0.06 -0.11
-0.13 -0.14 -0.16 -0.17 -0.16 -0.17 -0.21 -0.19 -0.17 -0.21 -0.20 -0.17 -0.17 -0.15 -0.12 -0.12 -0.13 -0.11 -0.10 -0.11 -0.12 -0.13 -0.12 -0.11 -0.11 -0.12 -0.14 -0.15 -0.14 -0.12 -0.11 -0.11 -0.11 -0.11 -0.09 -0.08 -0.06 -0.06 -0.10 -0.15 -0.17 -0.17 -0.12 -0.04 0.04 0.11 0.15 0.17 0.14 0.11 0.07 0.02 0.00 -0.00 -0.03 -0.05 -0.05 -0.07 -0.09 -0.11 -0.13 -0.14 -0.12 -0.08 -0.03 -0.00 0.01 0.02 0.01 -0.02 -0.05 -0.09 -0.13
-0.13 -0.14 -0.16 -0.17 -0.16 -0.18 -0.21 -0.18 -0.19 -0.22 -0.17 -0.16 -0.19 -0.17 -0.15 -0.14 -0.14 -0.12 -0.11 -0.12 -0.13 -0.13 -0.12 -0.11 -0.13 -0.15 -0.17 -0.16 -0.14 -0.12 -0.12 -0.12 -0.11 -0.10 -0.08 -0.08 -0.09 -0.12 -0.17 -0.19 -0.17 -0.11 -0.03 0.06 0.14 0.17 0.20 0.21 0.16 0.11 0.08 0.03 0.00 0.00 -0.02 -0.04 -0.05 -0.07 -0.10 -0.10 -0.10 -0.09 -0.07 -0.04 -0.01 0.00 0.02 0.03 0.03 -0.01 -0.04 -0.07 -0.09
-0.12 -0.14 -0.16 -0.16 -0.16 -0.19 -0.19 -0.19 -0.22 -0.21 -0.17 -0.17 -0.17 -0.14 -0.14 -0.15 -0.14 -0.11 -0.11 -0.12 -0.13 -0.12 -0.12 -0.13 -0.16 -0.18 -0.18 -0.15 -0.13 -0.11 -0.11 -0.11 -0.11 -0.11 -0.11 -0.12 -0.14 -0.17 -0.19 -0.18 -0.12 -0.04 0.04 0.12 0.13 0.13 0.13 0.12 0.08 0.06 0.07 0.05 0.02 0.00 -0.01 -0.03 -0.03 -0.05 -0.08 -0.07 -0.06 -0.04 -0.03 -0.02 -0.00 0.02 0.03 0.04 0.03 0.00 -0.02 -0.04 -0.04
-0.12 -0.14 -0.15 -0.15 -0.17 -0.19 -0.20 -0.21 -0.23 -0.22 -0.21 -0.21 -0.19 -0.17 -0.16 -0.15 -0.13 -0.11 -0.11 -0.12 -0.12 -0.11 -0.12 -0.15 -0.18 -0.18 -0.16 -0.13 -0.11 -0.09 -0.08 -0.08 -0.10 -0.12 -0.14 -0.16 -0.19 -0.21 -0.20 -0.16 -0.10 -0.00 0.06 0.05 0.05 0.05 0.05 0.05 0.02 0.01 0.05 0.05 0.02 0.01 -0.00 -0.01 -0.01 -0.00 -0.02 -0.02 -0.01 -0.00 -0.00 -0.00 0.01 0.02 0.03 0.05 0.04 0.02 0.00 -0.01 -0.01
-0.12 -0.13 -0.13 -0.14 -0.17 -0.18 -0.19 -0.19 -0.20 -0.19 -0.21 -0.22 -0.21 -0.20 -0.19 -0.16 -0.12 -0.10 -0.09 -0.10 -0.11 -0.10 -0.12 -0.17 -0.18 -0.16 -0.13 -0.10 -0.07 -0.06 -0.06 -0.06 -0.08 -0.09 -0.13 -0.17 -0.21 -0.22 -0.19 -0.13 -0.04 0.00 -0.04 -0.05 -0.01 -0.01 -0.01 -0.01 -0.03 -0.02 0.02 0.04 0.03 0.03 0.02 0.01 0.00 0.03 0.05 0.06 0.05 0.03 0.02 0.02 0.03 0.03 0.04 0.05 0.06 0.06 0.05 0.03 0.02
-0.11 -0.11 -0.12 -0.14 -0.17 -0.17 -0.16 -0.15 -0.13 -0.11 -0.12 -0.14 -0.15 -0.15 -0.15 -0.13 -0.10 -0.08 -0.08 -0.08 -0.09 -0.09 -0.13 -0.18 -0.18 -0.15 -0.11 -0.09 -0.09 -0.10 -0.09 -0.08 -0.07 -0.08 -0.11 -0.15 -0.18 -0.17 -0.10 -0.03 -0.01 -0.08 -0.14 -0.15 -0.12 -0.09 -0.06 -0.05 -0.05 -0.03 0.00 0.02 0.03 0.05 0.08 0.09 0.05 0.03 0.06 0.10 0.11 0.08 0.06 0.07 0.07 0.06 0.05 0.05 0.06 0.08 0.09 0.08 0.06
-0.09 -0.10 -0.11 -0.14 -0.16 -0.15 -0.13 -0.11 -0.08 -0.05 -0.03 -0.04 -0.06 -0.07 -0.08 -0.07 -0.07 -0.08 -0.08 -0.08 -0.08 -0.10 -0.15 -0.20 -0.18 -0.14 -0.11 -0.10 -0.12 -0.12 -0.12 -0.10 -0.09 -0.09 -0.12 -0.17 -0.17 -0.10 0.00 0.04 -0.02 -0.11 -0.16 -0.19 -0.19 -0.17 -0.12 -0.09 -0.07 -0.06 -0.06 -0.07 -0.08 -0.08 -0.05 0.02 0.08 0.08 0.07 0.08 0.11 0.10 0.09 0.10 0.11 0.11 0.09 0.08 0.07 0.09 0.11 0.13 0.12
-0.09 -0.10 -0.11 -0.13 -0.14 -0.13 -0.11 -0.11 -0.10 -0.09 -0.06 -0.02 -0.01 -0.03 -0.05 -0.06 -0.08 -0.09 -0.08 -0.08 -0.08 -0.11 -0.17 -0.20 -0.15 -0.11 -0.12 -0.16 -0.19 -0.19 -0.18 -0.15 -0.13 -0.13 -0.17 -0.20 -0.18 -0.12 -0.09 -0.06 -0.00 0.01 -0.01 -0.07 -0.14 -0.16 -0.17 -0.18 -0.17 -0.19 -0.23 -0.27 -0.30 -0.29 -0.25 -0.15 0.00 0.10 0.12 0.09 0.08 0.06 0.06 0.08 0.09 0.10 0.11 0.11 0.12 0.12 0.14 0.16 0.18
-0.08 -0.09 -0.10 -0.11 -0.12 -0.11 -0.11 -0.12 -0.16 -0.19 -0.19 -0.12 -0.05 -0.04 -0.06 -0.07 -0.07 -0.07 -0.08 -0.09 -0.10 -0.15 -0.20 -0.18 -0.14 -0.17 -0.26 -0.32 -0.34 -0.34 -0.31 -0.26 -0.19 -0.13 -0.10 -0.10 -0.08 -0.08 -0.11 -0.12 -0.08 -0.04 0.00 0.01 -0.05 -0.07 -0.13 -0.18 -0.19 -0.23 -9999.00 -9999.00 -9999.00 -9999.00 -9999.00 -9999.00 -9999.00 -0.08 0.04 0.12 0.13 0.09 0.06 0.04 0.02 0.03 0.09 0.13 0.15 0.16 0.18 0.19 0.21
-0.08 -0.08 -0.09 -0.10 -0.10 -0.09 -0.10 -0.11 -0.13 -0.16 -0.19 -0.17 -0.11 -0.08 -0.06 -0.05 -0.06 -0.08 -0.09 -0.12 -0.16 -0.20 -0.21 -0.18 -0.20 -0.29 -0.33 -0.32 -0.29 -0.28 -0.27 -0.28 -0.27 -0.22 -0.12 -0.02 0.04 0.07 0.05 0.03 0.00 -0.01 0.02 0.00 -0.03 -0.03 -0.11 -0.13 -0.09 -9999.00 -9999.00 -9999.00 -9999.00 -9999.00 -9999.00 -9999.00 -9999.00 -9999.00 -0.07 0.00 0.11 0.15 0.12 0.07 0.02 -0.00 0.04 0.11 0.16 0.19 0.20 0.22 0.23
-0.08 -0.08 -0.09 -0.10 -0.09 -0.09 -0.08 -0.06 -0.05 -0.04 -0.06 -0.09 -0.10 -0.05 -0.04 -0.10 -0.13 -0.13 -0.15 -0.18 -0.22 -0.23 -0.21 -0.21 -0.25 -0.27 -0.21 -0.13 -0.08 -0.03 -0.01 -0.01 -0.06 -0.14 -0.18 -0.14 -0.06 0.01 0.06 0.09 0.10 0.08 0.04 -0.02 -0.02 -0.02 -0.13 -0.13 -9999.00 -9999.00 -9999.00 -9999.00 -9999.00 -9999.00 -9999.00 -9999.00 -9999.00 -9999.00 -9999.00 -9999.00 -0.02 0.08 0.14 0.13 0.08 0.04 0.03 0.07 0.13 0.17 0.20 0.23 0.25
-0.08 -0.09 -0.09 -0.10 -0.10 -0.10 -0.08 -0.03 -0.00 0.02 0.01 0.01 -0.01 -0.06 -0.15 -0.21 -0.20 -0.19 -0.21 -0.24 -0.24 -0.22 -0.21 -0.22 -0.23 -0.18 -0.09 -0.03 0.01 0.06 0.09 0.12 0.14 0.15 0.12 0.07 0.01 -0.02 -0.02 0.00 0.07 0.10 0.08 0.05 0.05 0.02 -0.06 -0.08 -9999.00 -9999.00 -9999.00 -9999.00 -9999.00 -9999.00 -9999.00 -9999.00 -9999.00 -9999.00 -9999.00 -0.10 -0.03 0.04 0.09 0.13 0.13 0.10 0.08 0.07 0.08 0.11 0.16 0.20 0.23
-0.08 -0.08 -0.08 -0.09 -0.10 -0.11 -0.07 -0.03 0.01 0.02 0.00 0.01 -0.04 -0.14 -0.21 -0.23 -0.23 -0.23 -0.24 -0.24 -0.22 -0.20 -0.19 -0.18 -0.15 -0.08 -0.02 0.02 0.06 0.08 0.09 0.09 0.11 0.14 0.18 0.23 0.24 0.20 0.14 0.07 0.06 0.09 0.10 0.09 0.08 0.04 -0.01 -0.05 -0.07 -9999.00 -9999.00 -9999.00 -9999.00 -9999.00 -9999.00 -9999.00 -9999.00 -9999.00 -9999.00 -0.05 -0.01 0.03 0.06 0.10 0.13 0.13 0.13 0.12 0.11 0.11 0.14 0.18 0.20
-0.08 -0.08 -0.07 -0.08 -0.09 -0.09 -0.07 -0.06 -0.02 -0.02 -0.04 -0.06 -0.11 -0.17 -0.20 -0.21 -0.23 -0.24 -0.24 -0.22 -0.21 -0.19 -0.16 -0.12 -0.07 -0.02 0.02 0.05 0.08 0.10 0.11 0.10 0.11 0.13 0.14 0.15 0.16 0.17 0.17 0.14 0.12 0.10 0.10 0.10 0.09 0.07 0.03 -0.03 -0.10 -0.16 -0.22 -0.23 -0.22 -0.16 -0.13 -0.13 -0.13 -0.12 -0.07 -0.06 -0.08 -0.03 0.04 0.08 0.12 0.16 0.17 0.18 0.17 0.16 0.15 0.17 0.18
-0.07 -0.07 -0.07 -0.07 -0.07 -0.08 -0.09 -0.09 -0.06 -0.06 -0.10 -0.16 -0.21 -0.20 -0.17 -0.16 -0.18 -0.19 -0.20 -0.18 -0.17 -0.14 -0.10 -0.05 -0.00 0.03 0.06 0.08 0.11 0.12 0.12 0.12 0.12 0.11 0.08 0.06 0.07 0.09 0.11 0.12 0.11 0.09 0.08 0.09 0.11 0.11 0.10 0.07 0.05 0.02 0.02 0.04 0.08 0.13 0.15 0.15 0.14 0.12 0.11 0.05 -0.06 -0.06 0.03 0.09 0.15 0.19 0.21 0.22 0.22 0.21 0.20 0.19 0.18
-0.06 -0.06 -0.06 -0.05 -0.05 -0.06 -0.09 -0.12 -0.11 -0.11 -0.15 -0.22 -0.25 -0.22 -0.17 -0.14 -0.12 -0.13 -0.13 -0.12 -0.10 -0.07 -0.05 -0.00 0.04 0.08 0.11 0.14 0.14 0.14 0.14 0.14 0.13 0.10 0.05 0.03 0.04 0.07 0.10 0.12 0.11 0.09 0.09 0.10 0.13 0.14 0.14 0.14 0.15 0.15 0.17 0.19 0.22 0.22 0.21 0.20 0.19 0.20 0.19 0.14 0.06 0.01 0.03 0.13 0.21 0.26 0.28 0.29 0.28 0.25 0.21 0.18 0.17
-0.05 -0.05 -0.05 -0.03 0.01 0.00 -0.03 -0.08 -0.12 -0.13 -0.15 -0.19 -0.20 -0.20 -0.20 -0.17 -0.13 -0.10 -0.10 -0.09 -0.07 -0.05 -0.02 0.02 0.08 0.13 0.17 0.18 0.16 0.14 0.13 0.14 0.14 0.12 0.07 0.04 0.02 0.04 0.08 0.13 0.15 0.14 0.14 0.13 0.13 0.13 0.13 0.14 0.16 0.19 0.23 0.26 0.29 0.34 0.40 0.43 0.42 0.37 0.31 0.26 0.22 0.17 0.10 0.11 0.18 0.23 0.25 0.25 0.25 0.25 0.23 0.20 0.18
-0.04 -0.03 -0.03 -0.00 0.03 0.01 -0.01 -0.05 -0.12 -0.13 -0.11 -0.12 -0.13 -0.14 -0.17 -0.18 -0.16 -0.13 -0.12 -0.10 -0.07 -0.04 -0.00 0.06 0.12 0.14 0.14 0.13 0.12 0.11 0.11 0.13 0.14 0.15 0.13 0.12 0.11 0.09 0.07 0.08 0.09 0.10 0.10 0.11 0.11 0.10 0.10 0.11 0.15 0.19 0.25 0.33 0.42 0.52 0.57 0.54 0.47 0.40 0.35 0.33 0.34 0.35 0.35 0.36 0.37 0.36 0.35 0.33 0.30 0.27 0.23 0.20 0.18
-0.03 -0.01 -0.01 -0.00 -0.02 -0.04 -0.02 -0.07 -0.13 -0.13 -0.10 -0.08 -0.07 -0.08 -0.11 -0.13 -0.14 -0.13 -0.11 -0.08 -0.04 -0.00 0.04 0.09 0.10 0.08 0.06 0.07 0.08 0.08 0.08 0.09 0.12 0.14 0.15 0.16 0.17 0.16 0.13 0.10 0.09 0.09 0.09 0.10 0.12 0.15 0.17 0.21 0.27 0.34 0.42 0.48 0.51 0.42 0.28 0.16 0.09 0.13 0.22 0.31 0.38 0.45 0.53 0.58 0.61 0.62 0.63 0.61 0.57 0.51 0.42 0.34 0.26
-0.02 -0.02 -0.01 0.03 0.02 -0.01 -0.00 -0.02 -0.08 -0.11 -0.10 -0.07 -0.05 -0.05 -0.06 -0.08 -0.09 -0.09 -0.06 -0.02 0.02 0.05 0.08 0.08 0.07 0.05 0.04 0.04 0.05 0.06 0.06 0.07 0.08 0.11 0.13 0.15 0.16 0.15 0.12 0.09 0.10 0.11 0.12 0.14 0.19 0.25 0.30 0.36 0.43 0.48 0.47 0.37 0.20 0.03 -0.06 -0.06 -0.02 0.07 0.18 0.29 0.38 0.46 0.54 0.59 0.61 0.61 0.62 0.63 0.63 0.61 0.57 0.51 0.43
-0.03 -0.02 0.04 0.12 0.13 0.08 0.08 0.10 0.05 -0.02 -0.07 -0.08 -0.07 -0.06 -0.06 -0.06 -0.07 -0.06 -0.03 0.01 0.05 0.08 0.11 0.12 0.10 0.08 0.05 0.04 0.04 0.05 0.05 0.05 0.06 0.08 0.10 0.12 0.13 0.12 0.09 0.09 0.12 0.16 0.20 0.25 0.29 0.30 0.32 0.35 0.36 0.31 0.17 0.02 -0.07 -0.08 -0.03 0.03 0.09 0.14 0.21 0.28 0.33 0.38 0.43 0.44 0.41 0.36 0.32 0.31 0.35 0.40 0.46 0.49 0.50
-0.02 0.04 0.10 0.01 -0.12 -0.10 -0.04 -0.04 -0.05 -0.03 -0.04 -0.08 -0.09 -0.09 -0.09 -0.08 -0.07 -0.06 -0.04 -0.01 0.01 0.04 0.07 0.08 0.07 0.05 0.04 0.04 0.04 0.04 0.04 0.04 0.05 0.06 0.08 0.10 0.11 0.10 0.09 0.13 0.20 0.24 0.28 0.29 0.27 0.22 0.16 0.12 0.10 0.05 -0.04 -0.10 -9999.00 -9999.00 -9999.00 -9999.00 -9999.00 -9999.00 0.23 0.25 0.24 0.24 0.25 0.21 0.15 0.10 0.08 0.08 0.11 0.17 0.25 0.34 0.43
