eddy-track/src/assets/css/myGrid_u.asc
ncols     241
nrows    241
xllcorner 116.0
yllcorner 21.0
cellsize 1.0
NODATA_value -9999
[rows 64 to 95 of 241, columns 73 to 145 of 241]
0.08 0.16 0.22 0.24 0.24 0.22 0.20 0.20 0.21 0.23 0.27 0.31 0.35 0.38 0.39 0.40 0.39 0.38 0.38 0.38 0.39 0.41 0.44 0.48 0.51 0.55 0.59 0.64 0.70 0.76 0.85 0.90 0.88 0.87 0.87 0.87 0.84 0.79 0.75 0.72 0.66 0.58 0.48 0.38 0.26 0.14 0.04 -0.03 -0.06 -0.08 -0.08 -0.06 -0.03 -0.03 -0.05 -0.08 -0.07 -0.05 -0.10 -0.15 -0.14 -0.10 -0.06 -0.05 -0.02 0.06 0.08 -9999.00 -9999.00 -9999.00 -9999.00 -9999.00 -9999.00
0.12 0.21 0.27 0.29 0.28 0.25 0.24 0.24 0.26 0.29 0.31 0.34 0.36 0.38 0.39 0.40 0.40 0.41 0.42 0.44 0.45 0.48 0.51 0.55 0.60 0.64 0.69 0.73 0.78 0.81 0.86 0.94 0.96 0.93 0.91 0.90 0.87 0.83 0.79 0.77 0.74 0.69 0.61 0.51 0.39 0.27 0.17 0.08 0.00 -0.07 -0.09 -0.07 -0.04 -0.05 -0.07 -0.09 -0.08 -0.03 -0.02 -0.03 -0.02 -0.00 0.01 -0.00 -0.03 0.03 0.11 0.17 0.19 0.09 -0.00 0.14 0.26
0.11 0.20 0.26 0.29 0.29 0.29 0.28 0.29 0.31 0.34 0.35 0.35 0.36 0.37 0.39 0.41 0.43 0.44 0.46 0.48 0.50 0.52 0.55 0.59 0.63 0.67 0.70 0.74 0.78 0.80 0.80 0.84 0.91 0.95 0.94 0.92 0.88 0.85 0.83 0.81 0.79 0.76 0.72 0.64 0.54 0.41 0.30 0.20 0.10 0.00 -0.06 -0.07 -0.07 -0.07 -0.07 -0.07 -0.04 0.01 0.04 0.05 0.06 0.07 0.08 0.07 0.06 0.07 0.11 0.18 0.23 0.22 -9999.00 -9999.00 -9999.00
0.06 0.16 0.22 0.27 0.30 0.32 0.33 0.34 0.36 0.39 0.39 0.37 0.37 0.38 0.40 0.43 0.45 0.45 0.46 0.46 0.46 0.48 0.50 0.53 0.55 0.56 0.57 0.57 0.52 0.42 0.33 0.33 0.45 0.63 0.77 0.84 0.86 0.86 0.86 0.85 0.84 0.82 0.79 0.75 0.67 0.56 0.43 0.32 0.21 0.10 0.02 -0.03 -0.07 -0.08 -0.08 -0.05 -0.02 0.04 0.09 0.11 0.13 0.14 0.14 0.13 0.14 0.14 0.15 0.19 0.22 0.21 -9999.00 -9999.00 -9999.00
0.00 0.10 0.18 0.25 0.29 0.33 0.35 0.37 0.39 0.41 0.40 0.38 0.37 0.37 0.38 0.38 0.37 0.35 0.35 0.36 0.36 0.35 0.33 0.30 0.27 0.25 0.21 0.13 0.03 -0.04 -0.06 -0.05 0.03 0.21 0.44 0.63 0.75 0.82 0.87 0.89 0.89 0.88 0.85 0.82 0.78 0.70 0.57 0.44 0.32 0.20 0.11 0.03 -0.01 -0.02 -0.01 0.01 0.05 0.10 0.14 0.17 0.20 0.22 0.22 0.19 0.18 0.17 0.16 0.19 0.25 0.24 -9999.00 -9999.00 -9999.00
-0.08 0.03 0.12 0.20 0.26 0.30 0.33 0.36 0.38 0.38 0.36 0.33 0.30 0.27 0.26 0.23 0.21 0.18 0.16 0.12 0.08 0.05 0.02 -0.00 -0.01 -0.03 -0.08 -0.13 -0.16 -0.15 -0.13 -0.11 -0.11 -0.06 0.08 0.29 0.51 0.70 0.82 0.89 0.93 0.94 0.92 0.88 0.85 0.80 0.71 0.57 0.43 0.30 0.19 0.10 0.05 0.04 0.06 0.07 0.10 0.14 0.18 0.21 0.24 0.27 0.27 0.23 0.19 0.14 0.11 0.12 0.18 0.21 0.23 0.24 0.22
-0.19 -0.08 0.02 0.10 0.17 0.21 0.25 0.26 0.27 0.25 0.20 0.16 0.14 0.13 0.09 0.03 -0.01 -0.04 -0.07 -0.11 -0.13 -0.12 -0.10 -0.10 -0.11 -0.15 -0.19 -0.19 -0.13 -0.03 0.05 0.09 0.06 0.02 0.01 0.08 0.24 0.46 0.67 0.82 0.92 0.97 0.97 0.93 0.91 0.88 0.82 0.70 0.56 0.42 0.29 0.18 0.12 0.09 0.08 0.08 0.09 0.11 0.14 0.19 0.23 0.27 0.26 0.20 0.14 0.09 0.04 0.03 0.08 0.12 0.14 0.19 0.17
-0.30 -0.23 -0.14 -0.06 -0.01 0.03 0.05 0.06 0.05 0.04 0.02 0.01 -0.00 -0.03 -0.07 -0.10 -0.13 -0.16 -0.18 -0.18 -0.15 -0.13 -0.12 -0.13 -0.16 -0.19 -0.19 -0.14 -0.03 0.09 0.19 0.26 0.27 0.21 0.13 0.09 0.11 0.23 0.44 0.64 0.80 0.91 0.96 0.96 0.94 0.93 0.90 0.82 0.69 0.55 0.42 0.29 0.20 0.15 0.13 0.13 0.12 0.10 0.09 0.12 0.16 0.20 0.18 0.14 0.12 0.07 0.02 -0.00 0.02 0.04 0.01 0.00 -0.01
-0.35 -0.35 -0.30 -0.25 -0.21 -0.17 -0.15 -0.13 -0.11 -0.08 -0.07 -0.08 -0.11 -0.12 -0.14 -0.17 -0.19 -0.20 -0.19 -0.16 -0.13 -0.12 -0.14 -0.15 -0.16 -0.16 -0.12 -0.03 0.06 0.12 0.17 0.25 0.32 0.30 0.21 0.12 0.07 0.08 0.20 0.39 0.58 0.74 0.85 0.91 0.94 0.95 0.94 0.90 0.81 0.69 0.56 0.43 0.32 0.24 0.21 0.19 0.16 0.12 0.10 0.12 0.15 0.16 0.14 0.13 0.12 0.06 0.01 -0.01 -0.03 -0.03 -0.07 -0.11 -0.09
-0.29 -0.33 -0.33 -0.31 -0.27 -0.24 -0.20 -0.16 -0.13 -0.12 -0.13 -0.15 -0.16 -0.17 -0.18 -0.19 -0.20 -0.19 -0.16 -0.13 -0.12 -0.12 -0.13 -0.13 -0.13 -0.09 -0.03 0.04 0.07 0.08 0.08 0.12 0.20 0.27 0.25 0.17 0.09 0.04 0.05 0.16 0.34 0.51 0.66 0.78 0.86 0.91 0.95 0.95 0.90 0.80 0.69 0.58 0.47 0.37 0.31 0.26 0.21 0.16 0.12 0.12 0.14 0.14 0.11 0.11 0.09 0.04 0.03 0.00 -0.06 -0.06 -0.09 -0.18 -0.17
-0.21 -0.23 -0.24 -0.23 -0.21 -0.18 -0.16 -0.15 -0.15 -0.16 -0.18 -0.19 -0.19 -0.19 -0.19 -0.18 -0.17 -0.15 -0.14 -0.13 -0.12 -0.12 -0.12 -0.11 -0.08 -0.03 0.02 0.05 0.05 0.03 0.03 0.03 0.08 0.17 0.24 0.22 0.16 0.08 0.04 0.04 0.13 0.29 0.45 0.61 0.73 0.83 0.90 0.94 0.93 0.88 0.80 0.71 0.62 0.52 0.42 0.35 0.29 0.21 0.12 0.07 0.06 0.07 0.07 0.08 0.06 0.06 0.08 0.03 -0.03 -0.03 -0.06 -0.15 -0.16
-0.17 -0.17 -0.17 -0.16 -0.16 -0.16 -0.17 -0.18 -0.19 -0.20 -0.20 -0.20 -0.20 -0.19 -0.18 -0.17 -0.15 -0.14 -0.13 -0.12 -0.12 -0.11 -0.11 -0.09 -0.05 -0.01 0.02 0.03 0.03 0.02 0.01 0.00 0.01 0.07 0.17 0.24 0.22 0.15 0.08 0.04 0.03 0.10 0.24 0.41 0.57 0.72 0.83 0.89 0.91 0.90 0.86 0.81 0.74 0.65 0.54 0.46 0.38 0.29 0.17 0.08 0.03 0.02 0.03 0.05 0.05 0.07 0.09 0.06 0.02 0.03 0.00 -0.06 -0.09
-0.16 -0.16 -0.16 -0.16 -0.17 -0.18 -0.20 -0.21 -0.22 -0.23 -0.22 -0.21 -0.20 -0.18 -0.16 -0.15 -0.14 -0.13 -0.13 -0.13 -0.12 -0.11 -0.09 -0.07 -0.04 -0.01 0.01 0.02 0.02 0.01 0.00 -0.01 -0.01 -0.00 0.06 0.16 0.21 0.18 0.11 0.05 0.01 0.02 0.09 0.22 0.41 0.61 0.75 0.83 0.87 0.88 0.88 0.87 0.82 0.74 0.64 0.55 0.47 0.38 0.26 0.14 0.05 0.02 0.02 0.04 0.05 0.09 0.10 0.09 0.10 0.12 0.11 0.06 0.01
-0.15 -0.16 -0.17 -0.18 -0.20 -0.22 -0.23 -0.23 -0.24 -0.23 -0.22 -0.21 -0.18 -0.16 -0.14 -0.12 -0.12 -0.12 -0.13 -0.13 -0.12 -0.11 -0.09 -0.06 -0.04 -0.02 -0.01 0.00 0.00 -0.00 -0.01 -0.02 -0.02 -0.03 -0.02 0.04 0.11 0.15 0.13 0.07 0.03 0.02 0.04 0.09 0.26 0.49 0.67 0.77 0.82 0.85 0.86 0.87 0.84 0.78 0.71 0.63 0.55 0.45 0.34 0.22 0.12 0.05 0.04 0.05 0.08 0.12 0.14 0.16 0.17 0.17 0.17 0.14 0.09
-0.15 -0.16 -0.18 -0.20 -0.22 -0.23 -0.24 -0.24 -0.23 -0.23 -0.21 -0.19 -0.17 -0.14 -0.12 -0.11 -0.10 -0.10 -0.10 -0.11 -0.11 -0.10 -0.09 -0.07 -0.05 -0.04 -0.03 -0.02 -0.02 -0.02 -0.02 -0.02 -0.02 -0.03 -0.05 -0.04 0.01 0.08 0.12 0.09 0.05 0.04 0.05 0.06 0.16 0.37 0.57 0.68 0.76 0.81 0.83 0.84 0.82 0.78 0.73 0.68 0.60 0.52 0.41 0.30 0.19 0.11 0.08 0.08 0.13 0.18 0.21 0.21 0.20 0.19 0.20 0.18 0.15
-0.14 -0.16 -0.18 -0.20 -0.21 -0.22 -0.22 -0.22 -0.21 -0.20 -0.19 -0.17 -0.15 -0.14 -0.13 -0.11 -0.09 -0.08 -0.07 -0.07 -0.07 -0.07 -0.06 -0.06 -0.05 -0.04 -0.03 -0.03 -0.02 -0.03 -0.03 -0.03 -0.03 -0.04 -0.06 -0.07 -0.05 -0.01 0.04 0.07 0.07 0.06 0.05 0.04 0.10 0.26 0.44 0.57 0.68 0.76 0.79 0.79 0.78 0.76 0.73 0.69 0.63 0.56 0.47 0.38 0.27 0.18 0.14 0.14 0.18 0.24 0.27 0.24 0.20 0.20 0.21 0.19 0.17
-0.14 -0.15 -0.17 -0.18 -0.19 -0.19 -0.19 -0.19 -0.18 -0.17 -0.16 -0.15 -0.15 -0.14 -0.13 -0.12 -0.11 -0.08 -0.06 -0.05 -0.04 -0.03 -0.03 -0.02 -0.02 -0.02 -0.02 -0.02 -0.03 -0.04 -0.05 -0.05 -0.05 -0.06 -0.06 -0.06 -0.07 -0.06 -0.03 0.02 0.06 0.06 0.03 0.01 0.03 0.14 0.29 0.43 0.56 0.69 0.75 0.76 0.76 0.74 0.72 0.69 0.64 0.59 0.52 0.44 0.34 0.25 0.19 0.19 0.24 0.28 0.30 0.25 0.21 0.20 0.21 0.20 0.18
-0.14 -0.15 -0.16 -0.16 -0.16 -0.16 -0.16 -0.16 -0.15 -0.14 -0.13 -0.13 -0.13 -0.12 -0.12 -0.12 -0.11 -0.09 -0.07 -0.05 -0.04 -0.03 -0.02 -0.02 -0.02 -0.02 -0.03 -0.04 -0.05 -0.06 -0.07 -0.08 -0.08 -0.07 -0.05 -0.03 -0.04 -0.05 -0.04 0.00 0.04 0.07 0.05 0.00 -0.01 0.03 0.14 0.28 0.43 0.58 0.68 0.72 0.73 0.73 0.70 0.68 0.65 0.61 0.55 0.49 0.41 0.32 0.25 0.24 0.27 0.30 0.30 0.26 0.22 0.21 0.20 0.19 0.16
-0.12 -0.13 -0.13 -0.13 -0.13 -0.13 -0.13 -0.12 -0.11 -0.11 -0.10 -0.10 -0.10 -0.10 -0.10 -0.10 -0.09 -0.08 -0.06 -0.05 -0.05 -0.05 -0.05 -0.06 -0.06 -0.06 -0.07 -0.07 -0.08 -0.09 -0.09 -0.10 -0.10 -0.09 -0.05 -0.01 0.01 0.01 0.01 0.04 0.07 0.10 0.11 0.07 0.00 -0.02 0.04 0.14 0.27 0.44 0.58 0.66 0.70 0.71 0.69 0.67 0.65 0.62 0.58 0.53 0.48 0.40 0.31 0.27 0.28 0.29 0.29 0.25 0.22 0.21 0.21 0.19 0.15
-0.08 -0.09 -0.10 -0.10 -0.10 -0.10 -0.09 -0.08 -0.08 -0.07 -0.07 -0.07 -0.06 -0.07 -0.07 -0.08 -0.07 -0.06 -0.05 -0.05 -0.06 -0.07 -0.09 -0.10 -0.11 -0.11 -0.12 -0.12 -0.12 -0.12 -0.11 -0.11 -0.11 -0.10 -0.07 -0.02 0.01 0.03 0.03 0.04 0.08 0.11 0.14 0.16 0.11 0.04 0.02 0.07 0.15 0.28 0.43 0.56 0.63 0.67 0.67 0.66 0.65 0.63 0.61 0.57 0.52 0.46 0.36 0.29 0.25 0.25 0.25 0.23 0.21 0.19 0.19 0.18 0.15
-0.03 -0.04 -0.05 -0.06 -0.06 -0.05 -0.04 -0.04 -0.04 -0.04 -0.04 -0.04 -0.04 -0.05 -0.06 -0.06 -0.05 -0.05 -0.05 -0.06 -0.08 -0.10 -0.12 -0.14 -0.16 -0.17 -0.17 -0.16 -0.15 -0.15 -0.14 -0.13 -0.12 -0.10 -0.08 -0.06 -0.02 0.00 0.00 0.00 0.03 0.07 0.11 0.16 0.19 0.13 0.07 0.06 0.10 0.17 0.29 0.42 0.53 0.60 0.64 0.64 0.63 0.63 0.62 0.59 0.55 0.50 0.41 0.32 0.24 0.21 0.20 0.21 0.20 0.18 0.18 0.18 0.15
-0.00 0.01 0.00 -0.01 -0.01 -0.01 -0.00 -0.00 -0.01 -0.01 -0.02 -0.03 -0.04 -0.06 -0.06 -0.05 -0.05 -0.05 -0.06 -0.08 -0.10 -0.13 -0.15 -0.17 -0.18 -0.19 -0.19 -0.18 -0.17 -0.16 -0.16 -0.14 -0.12 -0.10 -0.10 -0.10 -0.08 -0.06 -0.04 -0.04 -0.02 0.02 0.06 0.10 0.16 0.17 0.13 0.10 0.10 0.15 0.22 0.32 0.43 0.52 0.58 0.61 0.62 0.62 0.62 0.60 0.57 0.53 0.46 0.36 0.26 0.20 0.18 0.20 0.20 0.19 0.17 0.18 0.17
0.01 0.02 0.02 0.02 0.02 0.02 0.01 -0.00 -0.01 -0.02 -0.04 -0.05 -0.06 -0.07 -0.07 -0.06 -0.06 -0.06 -0.06 -0.08 -0.10 -0.13 -0.15 -0.17 -0.17 -0.18 -0.18 -0.18 -0.17 -0.16 -0.16 -0.15 -0.14 -0.13 -0.13 -0.14 -0.14 -0.11 -0.07 -0.05 -0.03 -0.00 0.03 0.05 0.08 0.14 0.16 0.14 0.13 0.16 0.21 0.28 0.37 0.45 0.53 0.57 0.60 0.61 0.62 0.61 0.59 0.56 0.51 0.41 0.31 0.23 0.20 0.20 0.20 0.19 0.18 0.18 0.19
0.01 0.02 0.02 0.02 0.02 0.01 -0.01 -0.03 -0.04 -0.05 -0.06 -0.07 -0.08 -0.08 -0.07 -0.07 -0.07 -0.07 -0.07 -0.09 -0.11 -0.13 -0.15 -0.17 -0.18 -0.18 -0.19 -0.19 -0.19 -0.19 -0.19 -0.19 -0.18 -0.18 -0.17 -0.16 -0.15 -0.13 -0.09 -0.05 -0.03 -0.02 0.00 0.02 0.03 0.08 0.14 0.16 0.15 0.16 0.20 0.28 0.35 0.43 0.50 0.55 0.58 0.60 0.62 0.62 0.61 0.58 0.54 0.47 0.37 0.28 0.23 0.22 0.21 0.19 0.17 0.17 0.20
-0.00 0.00 0.01 0.01 0.01 -0.01 -0.03 -0.04 -0.05 -0.07 -0.07 -0.08 -0.08 -0.07 -0.07 -0.07 -0.07 -0.08 -0.08 -0.10 -0.12 -0.15 -0.17 -0.18 -0.19 -0.20 -0.20 -0.21 -0.23 -0.23 -0.24 -0.24 -0.24 -0.22 -0.20 -0.17 -0.15 -0.13 -0.10 -0.05 -0.02 -0.02 -0.01 0.02 0.03 0.04 0.09 0.15 0.16 0.15 0.17 0.23 0.32 0.42 0.49 0.54 0.57 0.59 0.60 0.62 0.62 0.61 0.58 0.52 0.44 0.35 0.28 0.24 0.21 0.18 0.15 0.15 0.18
-0.02 -0.02 -0.00 0.00 -0.00 -0.02 -0.04 -0.05 -0.05 -0.06 -0.06 -0.06 -0.05 -0.05 -0.06 -0.06 -0.07 -0.09 -0.11 -0.13 -0.15 -0.17 -0.19 -0.19 -0.20 -0.20 -0.21 -0.22 -0.23 -0.24 -0.25 -0.26 -0.25 -0.23 -0.19 -0.15 -0.12 -0.09 -0.07 -0.04 -0.01 0.01 0.01 0.02 0.03 0.03 0.04 0.08 0.14 0.15 0.14 0.17 0.26 0.37 0.46 0.53 0.58 0.59 0.59 0.60 0.64 0.64 0.62 0.57 0.51 0.42 0.34 0.28 0.23 0.19 0.16 0.14 0.16
-0.05 -0.02 0.00 0.01 0.00 -0.02 -0.03 -0.03 -0.04 -0.04 -0.04 -0.04 -0.03 -0.03 -0.04 -0.05 -0.06 -0.08 -0.11 -0.13 -0.15 -0.17 -0.17 -0.17 -0.17 -0.17 -0.17 -0.17 -0.18 -0.20 -0.20 -0.21 -0.20 -0.17 -0.14 -0.10 -0.06 -0.03 0.00 0.03 0.06 0.07 0.06 0.05 0.04 0.03 0.02 0.02 0.07 0.12 0.13 0.14 0.20 0.28 0.38 0.49 0.57 0.60 0.59 0.60 0.64 0.66 0.66 0.62 0.56 0.48 0.40 0.33 0.26 0.22 0.19 0.17 0.16
-0.06 -0.01 0.01 0.02 0.02 0.01 0.00 -0.01 -0.01 -0.01 -0.01 -0.00 -0.01 -0.01 -0.02 -0.04 -0.05 -0.08 -0.10 -0.13 -0.15 -0.15 -0.14 -0.14 -0.13 -0.13 -0.12 -0.12 -0.12 -0.13 -0.13 -0.12 -0.11 -0.09 -0.05 -0.02 0.02 0.05 0.07 0.09 0.12 0.14 0.14 0.11 0.07 0.05 0.03 0.02 0.04 0.08 0.10 0.13 0.15 0.19 0.26 0.38 0.51 0.59 0.60 0.62 0.64 0.66 0.68 0.67 0.62 0.55 0.47 0.39 0.31 0.25 0.23 0.21 0.18
-0.08 -0.02 0.01 0.02 0.03 0.03 0.03 0.03 0.03 0.04 0.04 0.03 0.03 0.01 -0.00 -0.02 -0.04 -0.07 -0.10 -0.11 -0.13 -0.13 -0.12 -0.11 -0.11 -0.10 -0.10 -0.09 -0.09 -0.09 -0.09 -0.08 -0.07 -0.05 -0.04 -0.04 -0.04 -0.04 -0.04 -0.03 0.02 0.08 0.12 0.13 0.10 0.06 0.05 0.04 0.05 0.06 0.09 0.12 0.13 0.14 0.15 0.22 0.38 0.52 0.59 0.63 0.65 0.67 0.70 0.71 0.68 0.63 0.54 0.45 0.36 0.30 0.26 0.24 0.21
-0.11 -0.05 -0.01 0.01 0.03 0.04 0.05 0.06 0.07 0.08 0.08 0.07 0.05 0.02 -0.00 -0.02 -0.04 -0.07 -0.09 -0.11 -0.11 -0.11 -0.11 -0.10 -0.10 -0.10 -0.09 -0.09 -0.09 -0.09 -0.08 -0.08 -0.07 -0.07 -0.09 -0.12 -0.13 -0.13 -0.13 -0.12 -0.08 -0.01 0.05 0.09 0.09 0.08 0.08 0.08 0.08 0.07 0.08 0.12 0.15 0.16 0.13 0.14 0.22 0.36 0.50 0.60 0.66 0.69 0.72 0.73 0.72 0.68 0.61 0.52 0.43 0.36 0.32 0.29 0.25
-0.15 -0.09 -0.04 -0.01 0.02 0.05 0.06 0.08 0.09 0.09 0.09 0.07 0.04 0.00 -0.02 -0.03 -0.05 -0.07 -0.09 -0.10 -0.10 -0.10 -0.10 -0.11 -0.11 -0.11 -0.11 -0.11 -0.11 -0.10 -0.09 -0.08 -0.09 -0.10 -0.12 -0.13 -0.13 -0.13 -0.14 -0.14 -0.12 -0.08 -0.02 0.03 0.06 0.08 0.09 0.12 0.14 0.13 0.13 0.16 0.20 0.23 0.22 0.20 0.18 0.23 0.35 0.49 0.62 0.71 0.75 0.75 0.73 0.71 0.67 0.59 0.50 0.43 0.38 0.35 0.30
-0.20 -0.14 -0.06 -0.01 0.03 0.06 0.08 0.09 0.09 0.09 0.07 0.04 0.01 -0.02 -0.03 -0.03 -0.04 -0.06 -0.07 -0.08 -0.08 -0.09 -0.10 -0.10 -0.11 -0.11 -0.11 -0.12 -0.11 -0.11 -0.10 -0.10 -0.11 -0.12 -0.13 -0.13 -0.13 -0.13 -0.14 -0.15 -0.14 -0.11 -0.06 -0.02 0.02 0.04 0.07 0.10 0.15 0.19 0.20 0.22 0.26 0.30 0.33 0.34 0.30 0.24 0.25 0.35 0.50 0.66 0.75 0.76 0.74 0.72 0.70 0.65 0.58 0.51 0.46 0.41 0.36
